-----
Simulation parameters:
Using 100 nodes.
Using 10 snapshot period.
Using 100 as maximum number of snapshots.
Using 1000 as maximum number of snapshots.
Using 1000 as height.
Using 0 as GUI option.
Using 2 infected nodes initially.
Using 0 vaccinated nodes initially.
Using 2 as vaccine efficiency.
Using 100 as infection period.
Using 200 as contagion period.
Using 300 as immune period.
Using 200 as travel distance.
Using 1 as printout option.
Using 0 as stop_all_sane condition.
-----
98 2 0
98 2 0
98 2 0
98 2 0
98 2 0
98 2 0
98 2 0
97 3 0
96 4 0
94 6 0
93 7 0
92 8 0
90 10 0
89 11 0
89 11 0
89 11 0
88 12 0
86 14 0
85 15 0
85 14 1
85 14 1
84 14 2
84 14 2
82 16 2
81 17 2
80 18 2
77 19 4
74 22 4
73 22 5
71 21 8
71 21 8
71 21 8
70 21 9
69 21 10
69 20 11
67 19 14
65 21 14
63 22 15
61 24 15
57 28 15
56 28 16
55 28 17
52 30 18
51 29 20
51 30 19
50 30 20
48 29 23
48 29 23
46 31 23
43 29 28
40 31 29
38 32 30
39 31 30
39 32 29
39 31 30
37 32 31
34 33 33
31 33 36
29 34 37
27 33 40
27 34 39
28 34 38
29 32 39
31 28 41
31 29 40
31 29 40
30 29 41
30 28 42
29 30 41
29 29 42
29 28 43
29 27 44
29 24 47
31 24 45
33 22 45
34 22 44
34 18 48
37 17 46
38 16 46
38 14 48
37 13 50
38 11 51
39 9 52
43 9 48
45 8 47
48 9 43
48 7 45
49 5 46
54 5 41
55 4 41
57 4 39
57 5 38
58 6 36
61 5 34
64 5 31
66 5 29
66 5 29
66 6 28
67 6 27
68 6 26
-----
Simulation parameters:
Using 100 nodes.
Using 10 snapshot period.
Using 100 as maximum number of snapshots.
Using 1000 as maximum number of snapshots.
Using 1000 as height.
Using 0 as GUI option.
Using 2 infected nodes initially.
Using 0 vaccinated nodes initially.
Using 2 as vaccine efficiency.
Using 100 as infection period.
Using 200 as contagion period.
Using 350 as immune period.
Using 200 as travel distance.
Using 1 as printout option.
Using 0 as stop_all_sane condition.
-----
98 2 0
98 2 0
98 2 0
98 2 0
98 2 0
98 2 0
98 2 0
98 2 0
98 2 0
98 2 0
98 2 0
98 2 0
98 2 0
98 2 0
98 1 1
98 1 1
98 1 1
98 1 1
98 1 1
98 1 1
98 1 1
98 1 1
98 1 1
98 0 2
98 0 2
98 0 2
98 0 2
98 0 2
98 0 2
98 0 2
98 0 2
98 0 2
98 0 2
98 0 2
98 0 2
98 0 2
98 0 2
98 0 2
98 0 2
98 0 2
98 0 2
98 0 2
98 0 2
98 0 2
98 0 2
98 0 2
98 0 2
98 0 2
99 0 1
99 0 1
99 0 1
99 0 1
99 0 1
99 0 1
99 0 1
99 0 1
99 0 1
99 0 1
99 0 1
99 0 1
100 0 0
100 0 0
100 0 0
100 0 0
100 0 0
100 0 0
100 0 0
100 0 0
100 0 0
100 0 0
100 0 0
100 0 0
100 0 0
100 0 0
100 0 0
100 0 0
100 0 0
100 0 0
100 0 0
100 0 0
100 0 0
100 0 0
100 0 0
100 0 0
100 0 0
100 0 0
100 0 0
100 0 0
100 0 0
100 0 0
100 0 0
100 0 0
100 0 0
100 0 0
100 0 0
100 0 0
100 0 0
100 0 0
100 0 0
100 0 0
-----
Simulation parameters:
Using 100 nodes.
Using 10 snapshot period.
Using 100 as maximum number of snapshots.
Using 1000 as maximum number of snapshots.
Using 1000 as height.
Using 0 as GUI option.
Using 2 infected nodes initially.
Using 0 vaccinated nodes initially.
Using 2 as vaccine efficiency.
Using 100 as infection period.
Using 200 as contagion period.
Using 400 as immune period.
Using 200 as travel distance.
Using 1 as printout option.
Using 0 as stop_all_sane condition.
-----
98 2 0
98 2 0
98 2 0
98 2 0
98 2 0
98 2 0
98 2 0
98 2 0
96 4 0
95 5 0
93 7 0
92 8 0
90 10 0
90 10 0
89 11 0
88 12 0
88 12 0
87 13 0
86 14 0
84 15 1
81 18 1
78 21 1
78 20 2
78 19 3
78 17 5
77 17 6
76 17 7
74 19 7
72 21 7
70 22 8
67 25 8
66 26 8
64 28 8
64 26 10
63 24 13
63 23 14
62 22 16
59 24 17
59 23 18
59 23 18
59 21 20
55 23 22
55 22 23
54 21 25
52 23 25
50 25 25
48 24 28
43 28 29
42 27 31
40 29 31
39 27 34
39 26 35
35 29 36
34 27 39
34 27 39
32 29 39
30 31 39
28 32 40
29 31 40
29 32 39
29 32 39
27 30 43
25 29 46
25 28 47
26 25 49
30 22 48
29 21 50
29 23 48
29 22 49
30 20 50
33 18 49
33 14 53
33 14 53
35 12 53
37 12 51
39 12 49
40 11 49
41 8 51
40 9 51
43 8 49
44 8 48
45 7 48
46 5 49
49 5 46
49 5 46
50 3 47
54 3 43
55 3 42
56 3 41
56 2 42
57 2 41
57 2 41
59 1 40
60 0 40
62 0 38
62 0 38
63 0 37
65 0 35
65 0 35
66 0 34
-----
Simulation parameters:
Using 100 nodes.
Using 10 snapshot period.
Using 100 as maximum number of snapshots.
Using 1000 as maximum number of snapshots.
Using 1000 as height.
Using 0 as GUI option.
Using 2 infected nodes initially.
Using 0 vaccinated nodes initially.
Using 2 as vaccine efficiency.
Using 100 as infection period.
Using 200 as contagion period.
Using 450 as immune period.
Using 200 as travel distance.
Using 1 as printout option.
Using 0 as stop_all_sane condition.
-----
98 2 0
98 2 0
98 2 0
98 2 0
98 2 0
98 2 0
98 2 0
95 5 0
95 5 0
95 5 0
93 7 0
92 8 0
91 9 0
91 8 1
90 9 1
88 11 1
88 11 1
88 11 1
88 11 1
88 11 1
87 11 2
86 12 2
84 14 2
82 15 3
81 15 4
80 15 5
79 16 5
78 16 6
78 15 7
77 15 8
77 15 8
75 17 8
73 19 8
71 21 8
69 22 9
68 22 10
67 20 13
67 19 14
67 18 15
65 18 17
65 18 17
63 19 18
59 22 19
58 23 19
57 22 21
57 22 21
54 24 22
54 24 22
53 25 22
52 23 25
51 23 26
48 25 27
49 24 27
47 24 29
47 23 30
46 21 33
48 21 31
48 22 30
46 21 33
44 20 36
44 20 36
44 19 37
44 18 38
44 19 37
44 17 39
45 17 38
45 17 38
44 16 40
43 14 43
43 14 43
44 11 45
46 10 44
46 10 44
48 10 42
48 9 43
49 9 42
49 9 42
49 8 43
49 7 44
50 7 43
52 5 43
52 5 43
53 4 43
52 3 45
51 4 45
52 4 44
54 4 42
55 4 41
55 5 40
54 6 40
55 6 39
57 5 38
57 5 38
57 6 37
56 7 37
55 8 37
56 8 36
58 8 34
59 7 34
59 7 34
-----
Simulation parameters:
Using 100 nodes.
Using 10 snapshot period.
Using 100 as maximum number of snapshots.
Using 1000 as maximum number of snapshots.
Using 1000 as height.
Using 0 as GUI option.
Using 2 infected nodes initially.
Using 0 vaccinated nodes initially.
Using 2 as vaccine efficiency.
Using 100 as infection period.
Using 200 as contagion period.
Using 500 as immune period.
Using 200 as travel distance.
Using 1 as printout option.
Using 0 as stop_all_sane condition.
-----
98 2 0
98 2 0
98 2 0
98 2 0
98 2 0
98 2 0
98 2 0
98 2 0
98 2 0
96 4 0
94 6 0
92 8 0
89 11 0
89 11 0
89 11 0
89 10 1
89 10 1
88 11 1
88 10 2
88 10 2
87 11 2
85 13 2
84 14 2
82 16 2
80 16 4
80 16 4
79 17 4
78 18 4
77 16 7
75 17 8
74 18 8
73 18 9
70 21 9
69 20 11
67 22 11
64 24 12
64 23 13
62 24 14
59 26 15
58 27 15
56 29 15
53 32 15
53 32 15
52 31 17
51 31 18
48 31 21
47 30 23
46 28 26
44 30 26
42 29 29
40 28 32
40 26 34
36 29 35
36 27 37
35 27 38
35 26 39
34 26 40
34 26 40
32 26 42
31 27 42
30 26 44
29 27 44
28 26 46
28 24 48
27 23 50
26 21 53
25 21 54
23 23 54
23 22 55
23 21 56
22 19 59
21 20 59
21 18 61
20 19 61
18 19 63
18 16 66
16 18 66
16 18 66
17 17 66
17 15 68
18 15 67
21 15 64
22 14 64
23 14 63
24 11 65
24 11 65
27 10 63
27 8 65
31 8 61
34 6 60
35 6 59
37 5 58
37 4 59
37 4 59
38 4 58
40 4 56
41 4 55
44 4 52
48 4 48
48 4 48
-----
Simulation parameters:
Using 100 nodes.
Using 10 snapshot period.
Using 100 as maximum number of snapshots.
Using 1000 as maximum number of snapshots.
Using 1000 as height.
Using 0 as GUI option.
Using 2 infected nodes initially.
Using 0 vaccinated nodes initially.
Using 2 as vaccine efficiency.
Using 100 as infection period.
Using 200 as contagion period.
Using 550 as immune period.
Using 200 as travel distance.
Using 1 as printout option.
Using 0 as stop_all_sane condition.
-----
98 2 0
98 2 0
98 2 0
98 2 0
98 2 0
98 2 0
98 2 0
98 2 0
96 4 0
95 5 0
93 7 0
92 8 0
90 10 0
90 10 0
90 10 0
90 9 1
90 9 1
89 10 1
89 10 1
86 13 1
86 12 2
85 13 2
84 14 2
83 14 3
82 13 5
81 13 6
80 14 6
78 16 6
78 16 6
75 19 6
74 19 7
73 19 8
70 20 10
70 20 10
69 20 11
69 20 11
69 20 11
69 19 12
68 18 14
68 17 15
66 19 15
65 19 16
65 19 16
63 20 17
62 20 18
61 18 21
60 17 23
60 16 24
60 15 25
60 15 25
60 12 28
59 13 28
58 13 29
58 12 30
57 12 31
57 11 32
56 12 32
55 13 32
54 14 32
52 16 32
51 16 33
51 14 35
51 16 33
46 19 35
45 19 36
43 20 37
43 20 37
42 20 38
40 22 38
37 23 40
35 26 39
33 28 39
33 28 39
32 30 38
32 30 38
33 29 38
33 29 38
31 29 40
31 27 42
32 25 43
32 24 44
31 23 46
31 23 46
28 24 48
27 24 49
26 24 50
27 22 51
25 20 55
25 21 54
27 18 55
28 18 54
32 18 50
33 16 51
33 13 54
32 12 56
31 13 56
33 11 56
34 12 54
34 12 54
33 13 54
-----
Simulation parameters:
Using 100 nodes.
Using 10 snapshot period.
Using 100 as maximum number of snapshots.
Using 1000 as maximum number of snapshots.
Using 1000 as height.
Using 0 as GUI option.
Using 2 infected nodes initially.
Using 0 vaccinated nodes initially.
Using 2 as vaccine efficiency.
Using 100 as infection period.
Using 200 as contagion period.
Using 600 as immune period.
Using 200 as travel distance.
Using 1 as printout option.
Using 0 as stop_all_sane condition.
-----
98 2 0
98 2 0
98 2 0
98 2 0
98 2 0
98 2 0
98 2 0
97 3 0
96 4 0
96 4 0
95 5 0
95 5 0
92 8 0
91 8 1
91 8 1
91 8 1
91 8 1
90 9 1
89 10 1
88 11 1
86 13 1
85 14 1
85 14 1
82 16 2
81 17 2
79 19 2
78 20 2
76 21 3
76 21 3
76 21 3
76 20 4
75 20 5
73 21 6
73 17 10
72 17 11
71 16 13
71 15 14
71 14 15
70 15 15
69 15 16
69 14 17
68 15 17
68 14 18
68 13 19
68 9 23
68 8 24
65 11 24
65 11 24
65 10 25
65 9 26
63 10 27
63 10 27
62 11 27
61 11 28
60 12 28
58 13 29
58 13 29
58 13 29
58 12 30
57 13 30
55 15 30
53 17 30
51 18 31
51 17 32
50 16 34
50 14 36
48 16 36
47 17 36
47 16 37
48 16 36
46 18 36
46 18 36
46 18 36
46 17 37
44 18 38
43 17 40
43 17 40
43 15 42
41 16 43
41 16 43
40 16 44
37 17 46
37 17 46
35 18 47
38 18 44
38 16 46
38 17 45
38 16 46
38 16 46
40 14 46
41 14 45
40 13 47
38 15 47
38 15 47
39 15 46
40 14 46
42 14 44
42 14 44
44 14 42
44 13 43
-----
Simulation parameters:
Using 100 nodes.
Using 10 snapshot period.
Using 100 as maximum number of snapshots.
Using 1000 as maximum number of snapshots.
Using 1000 as height.
Using 0 as GUI option.
Using 2 infected nodes initially.
Using 0 vaccinated nodes initially.
Using 2 as vaccine efficiency.
Using 100 as infection period.
Using 200 as contagion period.
Using 650 as immune period.
Using 200 as travel distance.
Using 1 as printout option.
Using 0 as stop_all_sane condition.
-----
98 2 0
98 2 0
98 2 0
98 2 0
98 2 0
98 2 0
98 2 0
97 3 0
97 3 0
94 6 0
94 6 0
94 6 0
93 7 0
91 9 0
91 9 0
89 11 0
88 10 2
88 10 2
87 11 2
87 11 2
85 13 2
85 13 2
83 15 2
83 15 2
83 15 2
82 16 2
80 18 2
79 17 4
79 15 6
78 15 7
78 13 9
78 12 10
78 10 12
78 9 13
78 9 13
78 8 14
78 7 15
77 8 15
77 8 15
76 9 15
76 9 15
76 9 15
76 7 17
75 6 19
75 5 20
75 5 20
75 4 21
75 4 21
75 4 21
75 4 21
74 4 22
74 3 23
74 3 23
74 3 23
74 3 23
74 3 23
74 2 24
74 2 24
74 2 24
73 3 24
73 3 24
73 3 24
73 2 25
73 2 25
73 2 25
73 3 24
73 3 24
73 2 25
73 2 25
74 2 24
74 2 24
75 2 23
75 2 23
75 2 23
75 3 22
75 3 22
74 4 22
73 4 23
73 4 23
73 4 23
71 6 23
72 6 22
73 6 21
72 7 21
72 7 21
71 8 21
70 9 21
70 10 20
69 11 20
68 13 19
66 15 19
65 17 18
65 16 19
67 15 18
66 15 19
67 15 18
65 17 18
63 17 20
60 20 20
60 21 19
-----
Simulation parameters:
Using 100 nodes.
Using 10 snapshot period.
Using 100 as maximum number of snapshots.
Using 1000 as maximum number of snapshots.
Using 1000 as height.
Using 0 as GUI option.
Using 2 infected nodes initially.
Using 0 vaccinated nodes initially.
Using 2 as vaccine efficiency.
Using 100 as infection period.
Using 200 as contagion period.
Using 700 as immune period.
Using 200 as travel distance.
Using 1 as printout option.
Using 0 as stop_all_sane condition.
-----
98 2 0
98 2 0
98 2 0
98 2 0
98 2 0
98 2 0
98 2 0
98 2 0
97 3 0
95 5 0
94 6 0
92 8 0
89 11 0
89 11 0
88 10 2
88 10 2
88 10 2
87 11 2
87 11 2
85 13 2
82 16 2
82 16 2
80 18 2
80 18 2
78 20 2
78 18 4
77 18 5
74 21 5
73 21 6
73 20 7
71 20 9
68 21 11
67 21 12
65 23 12
64 24 12
62 26 12
59 28 13
58 29 13
57 28 15
56 29 15
56 26 18
52 28 20
52 25 23
51 26 23
50 26 24
48 28 24
47 27 26
46 28 26
46 26 28
46 23 31
43 26 31
43 23 34
41 22 37
41 21 38
39 20 41
39 19 42
39 17 44
38 17 45
38 16 46
37 16 47
35 18 47
33 21 46
32 22 46
31 22 47
30 19 51
30 17 53
30 15 55
30 15 55
30 13 57
29 13 58
28 14 58
26 16 58
25 17 58
24 15 61
25 15 60
23 17 60
23 17 60
23 15 62
24 13 63
24 11 65
25 11 64
25 11 64
27 9 64
28 9 63
28 7 65
28 6 66
29 6 65
30 5 65
30 4 66
31 4 65
31 5 64
31 4 65
33 4 63
33 3 64
33 3 64
34 2 64
34 2 64
34 1 65
36 1 63
37 1 62
-----
Simulation parameters:
Using 100 nodes.
Using 10 snapshot period.
Using 100 as maximum number of snapshots.
Using 1000 as maximum number of snapshots.
Using 1000 as height.
Using 0 as GUI option.
Using 2 infected nodes initially.
Using 0 vaccinated nodes initially.
Using 2 as vaccine efficiency.
Using 100 as infection period.
Using 200 as contagion period.
Using 750 as immune period.
Using 200 as travel distance.
Using 1 as printout option.
Using 0 as stop_all_sane condition.
-----
98 2 0
98 2 0
98 2 0
98 2 0
98 2 0
98 2 0
98 2 0
96 4 0
96 4 0
95 5 0
95 5 0
95 5 0
95 5 0
94 6 0
94 6 0
94 6 0
92 8 0
92 7 1
92 7 1
91 7 2
91 7 2
91 7 2
91 7 2
90 6 4
88 8 4
86 10 4
86 10 4
86 9 5
84 11 5
83 12 5
83 12 5
83 12 5
83 12 5
83 12 5
81 14 5
81 12 7
81 11 8
80 12 8
80 12 8
80 12 8
80 11 9
79 12 9
79 11 10
79 8 13
79 8 13
79 8 13
79 6 15
79 5 16
79 5 16
78 5 17
78 5 17
78 4 18
78 4 18
77 5 18
77 5 18
76 6 18
76 6 18
76 6 18
75 6 19
75 6 19
74 7 19
73 7 20
73 7 20
71 9 20
68 11 21
68 11 21
68 10 22
68 10 22
67 10 23
65 12 23
65 12 23
64 12 24
64 12 24
64 12 24
64 12 24
63 13 24
63 12 25
61 13 26
60 13 27
61 12 27
60 12 28
59 12 29
59 11 30
58 11 31
57 12 31
57 12 31
56 12 32
55 13 32
55 13 32
54 11 35
54 11 35
53 12 35
51 12 37
53 13 34
52 14 34
51 15 34
50 16 34
50 16 34
47 20 33
45 21 34
-----
Simulation parameters:
Using 100 nodes.
Using 10 snapshot period.
Using 100 as maximum number of snapshots.
Using 1000 as maximum number of snapshots.
Using 1000 as height.
Using 0 as GUI option.
Using 2 infected nodes initially.
Using 0 vaccinated nodes initially.
Using 2 as vaccine efficiency.
Using 100 as infection period.
Using 200 as contagion period.
Using 800 as immune period.
Using 200 as travel distance.
Using 1 as printout option.
Using 0 as stop_all_sane condition.
-----
98 2 0
98 2 0
98 2 0
98 2 0
98 2 0
98 2 0
98 2 0
98 2 0
98 2 0
97 3 0
96 4 0
96 4 0
95 5 0
95 5 0
94 6 0
93 6 1
92 7 1
90 9 1
88 11 1
87 12 1
85 14 1
85 14 1
82 17 1
80 18 2
78 20 2
77 21 2
75 22 3
75 22 3
75 21 4
74 20 6
73 21 6
71 21 8
69 22 9
67 24 9
66 25 9
64 27 9
64 26 10
63 26 11
63 23 14
62 22 16
61 21 18
60 21 19
60 20 20
60 16 24
59 16 25
58 16 26
58 15 27
58 13 29
58 13 29
57 13 30
56 12 32
55 12 33
55 12 33
55 12 33
55 11 34
54 12 34
54 11 35
53 11 36
52 12 36
50 11 39
50 10 40
48 12 40
48 11 41
46 13 41
46 11 43
46 11 43
43 14 43
40 17 43
40 17 43
40 16 44
40 15 45
40 15 45
39 15 46
39 14 47
38 14 48
36 16 48
35 16 49
34 16 50
32 17 51
32 17 51
32 15 53
30 16 54
29 16 55
28 18 54
28 18 54
28 16 56
29 15 56
27 17 56
27 14 59
26 14 60
27 14 59
27 14 59
27 14 59
28 14 58
28 14 58
28 14 58
29 13 58
29 12 59
30 11 59
30 12 58
-----
Simulation parameters:
Using 100 nodes.
Using 10 snapshot period.
Using 100 as maximum number of snapshots.
Using 1000 as maximum number of snapshots.
Using 1000 as height.
Using 0 as GUI option.
Using 2 infected nodes initially.
Using 0 vaccinated nodes initially.
Using 2 as vaccine efficiency.
Using 100 as infection period.
Using 200 as contagion period.
Using 850 as immune period.
Using 200 as travel distance.
Using 1 as printout option.
Using 0 as stop_all_sane condition.
-----
98 2 0
98 2 0
98 2 0
98 2 0
98 2 0
98 2 0
98 2 0
97 3 0
97 3 0
97 3 0
97 3 0
95 5 0
91 9 0
89 11 0
89 11 0
88 12 0
88 12 0
87 13 0
84 16 0
81 19 0
80 19 1
79 19 2
78 20 2
78 20 2
77 20 3
76 19 5
75 20 5
74 21 5
71 24 5
70 25 5
67 28 5
65 29 6
62 31 7
62 27 11
61 27 12
58 29 13
55 32 13
53 30 17
50 31 19
49 31 20
47 31 22
44 31 25
42 32 26
41 32 27
41 31 28
40 31 29
37 34 29
36 34 30
34 34 32
33 32 35
31 32 37
31 30 39
31 27 42
30 27 43
30 26 44
30 25 45
30 23 47
29 24 47
28 23 49
26 21 53
25 20 55
25 19 56
25 16 59
25 15 60
24 15 61
24 15 61
24 13 63
24 12 64
24 10 66
22 12 66
22 11 67
22 9 69
22 9 69
21 9 70
21 8 71
21 6 73
20 6 74
20 6 74
19 7 74
18 9 73
16 11 73
17 10 73
17 9 74
16 9 75
15 10 75
15 10 75
15 10 75
15 10 75
14 11 75
14 11 75
13 12 75
13 12 75
14 12 74
15 11 74
16 11 73
16 9 75
18 8 74
19 9 72
19 8 73
19 8 73
-----
Simulation parameters:
Using 100 nodes.
Using 10 snapshot period.
Using 100 as maximum number of snapshots.
Using 1000 as maximum number of snapshots.
Using 1000 as height.
Using 0 as GUI option.
Using 2 infected nodes initially.
Using 0 vaccinated nodes initially.
Using 2 as vaccine efficiency.
Using 100 as infection period.
Using 200 as contagion period.
Using 900 as immune period.
Using 200 as travel distance.
Using 1 as printout option.
Using 0 as stop_all_sane condition.
-----
98 2 0
98 2 0
98 2 0
98 2 0
98 2 0
98 2 0
98 2 0
98 2 0
96 4 0
95 5 0
93 7 0
93 7 0
91 9 0
90 10 0
90 10 0
90 10 0
90 10 0
90 10 0
90 9 1
90 9 1
90 9 1
88 11 1
86 13 1
85 13 2
84 13 3
83 14 3
83 13 4
82 12 6
82 11 7
81 12 7
81 12 7
81 12 7
80 12 8
80 11 9
79 10 11
78 11 11
78 11 11
78 11 11
78 11 11
76 13 11
74 15 11
73 15 12
73 13 14
72 12 16
72 12 16
71 12 17
70 13 17
69 14 17
69 13 18
68 14 18
66 16 18
65 16 19
62 18 20
62 17 21
61 17 22
60 18 22
59 19 22
59 19 22
58 17 25
56 18 26
55 19 26
55 18 27
51 19 30
51 19 30
48 22 30
46 23 31
45 23 32
44 24 32
43 24 33
41 25 34
40 24 36
39 23 38
35 26 39
35 23 42
34 24 42
32 25 43
30 26 44
29 26 45
26 29 45
25 27 48
25 27 48
25 24 51
25 23 52
25 21 54
25 20 55
23 21 56
23 20 57
23 18 59
21 19 60
22 18 60
21 19 60
20 18 62
20 15 65
21 15 64
22 14 64
22 11 67
22 10 68
23 9 68
24 9 67
25 8 67
-----
Simulation parameters:
Using 100 nodes.
Using 10 snapshot period.
Using 100 as maximum number of snapshots.
Using 1000 as maximum number of snapshots.
Using 1000 as height.
Using 0 as GUI option.
Using 2 infected nodes initially.
Using 0 vaccinated nodes initially.
Using 2 as vaccine efficiency.
Using 100 as infection period.
Using 200 as contagion period.
Using 950 as immune period.
Using 200 as travel distance.
Using 1 as printout option.
Using 0 as stop_all_sane condition.
-----
98 2 0
98 2 0
98 2 0
98 2 0
98 2 0
98 2 0
98 2 0
98 2 0
98 2 0
98 2 0
98 2 0
98 2 0
96 4 0
96 4 0
96 4 0
96 4 0
96 4 0
96 3 1
95 4 1
95 4 1
95 4 1
94 5 1
94 5 1
92 7 1
92 5 3
92 5 3
91 6 3
91 6 3
91 6 3
90 7 3
90 7 3
90 6 4
88 8 4
88 8 4
88 8 4
88 7 5
86 8 6
86 8 6
86 8 6
85 8 7
85 8 7
85 8 7
84 9 7
82 10 8
81 11 8
81 9 10
81 9 10
80 10 10
76 14 10
75 15 10
74 16 10
72 16 12
72 16 12
72 16 12
71 17 12
71 17 12
70 17 13
70 15 15
70 15 15
69 16 15
68 17 15
68 16 16
68 14 18
65 16 19
65 14 21
64 14 22
63 15 22
61 15 24
59 16 25
57 17 26
55 19 26
54 18 28
53 18 29
52 19 29
51 19 30
51 19 30
50 20 30
45 25 30
44 25 31
43 23 34
41 24 35
41 24 35
41 23 36
40 22 38
38 24 38
38 21 41
38 20 42
37 19 44
37 19 44
36 20 44
35 21 44
34 19 47
33 20 47
33 18 49
33 16 51
32 17 51
32 16 52
32 15 53
32 15 53
32 12 56
-----
Simulation parameters:
Using 100 nodes.
Using 10 snapshot period.
Using 100 as maximum number of snapshots.
Using 1000 as maximum number of snapshots.
Using 1000 as height.
Using 0 as GUI option.
Using 2 infected nodes initially.
Using 0 vaccinated nodes initially.
Using 2 as vaccine efficiency.
Using 100 as infection period.
Using 200 as contagion period.
Using 1000 as immune period.
Using 200 as travel distance.
Using 1 as printout option.
Using 0 as stop_all_sane condition.
-----
98 2 0
98 2 0
98 2 0
98 2 0
98 2 0
98 2 0
98 2 0
97 3 0
97 3 0
97 3 0
96 4 0
95 5 0
93 7 0
93 7 0
93 7 0
93 7 0
93 7 0
93 7 0
92 8 0
92 8 0
92 7 1
92 7 1
91 8 1
91 7 2
91 6 3
91 6 3
91 5 4
90 6 4
90 6 4
90 6 4
90 5 5
90 5 5
90 4 6
89 5 6
89 5 6
89 4 7
89 3 8
89 3 8
89 3 8
89 3 8
88 4 8
88 4 8
88 3 9
88 3 9
88 2 10
88 2 10
87 3 10
87 3 10
87 3 10
87 3 10
87 3 10
87 3 10
87 3 10
86 4 10
85 4 11
85 4 11
84 5 11
84 5 11
84 4 12
84 4 12
83 5 12
82 5 13
82 5 13
82 5 13
82 5 13
82 5 13
81 5 14
81 5 14
81 5 14
81 4 15
80 5 15
80 5 15
80 5 15
80 5 15
80 5 15
79 5 16
79 5 16
79 5 16
79 4 17
79 4 17
79 4 17
79 4 17
78 5 17
77 5 18
77 5 18
77 5 18
77 3 20
76 4 20
75 4 21
74 5 21
75 5 20
75 5 20
75 5 20
76 5 19
76 5 19
76 5 19
76 4 20
76 4 20
75 4 21
74 5 21
-----
Simulation parameters:
Using 100 nodes.
Using 10 snapshot period.
Using 100 as maximum number of snapshots.
Using 1000 as maximum number of snapshots.
Using 1000 as height.
Using 0 as GUI option.
Using 2 infected nodes initially.
Using 0 vaccinated nodes initially.
Using 2 as vaccine efficiency.
Using 100 as infection period.
Using 200 as contagion period.
Using 1050 as immune period.
Using 200 as travel distance.
Using 1 as printout option.
Using 0 as stop_all_sane condition.
-----
98 2 0
98 2 0
98 2 0
98 2 0
98 2 0
98 2 0
98 2 0
97 3 0
97 3 0
97 3 0
96 4 0
96 4 0
94 6 0
93 7 0
92 8 0
92 8 0
92 8 0
92 8 0
91 9 0
90 9 1
86 13 1
86 13 1
84 15 1
84 14 2
84 13 3
84 12 4
82 14 4
80 16 4
79 17 4
79 17 4
78 18 4
76 19 5
76 18 6
76 16 8
75 16 9
75 16 9
74 15 11
74 15 11
74 14 12
72 16 12
72 15 13
72 15 13
72 14 14
72 13 15
71 11 18
71 9 20
71 8 21
69 9 22
68 10 22
67 11 22
66 11 23
66 11 23
66 11 23
65 10 25
63 11 26
63 11 26
63 11 26
63 9 28
63 9 28
62 9 29
60 11 29
60 10 30
57 13 30
55 14 31
55 14 31
55 14 31
53 14 33
52 15 33
52 13 35
50 15 35
50 15 35
46 19 35
46 18 36
44 20 36
42 22 36
42 22 36
42 20 38
41 20 39
40 21 39
38 22 40
35 25 40
32 25 43
31 26 43
29 27 44
29 25 46
29 24 47
29 22 49
28 21 51
28 19 53
28 18 54
26 17 57
23 20 57
22 21 57
22 20 58
23 18 59
23 17 60
23 15 62
22 16 62
22 17 61
21 16 63
-----
Simulation parameters:
Using 100 nodes.
Using 10 snapshot period.
Using 100 as maximum number of snapshots.
Using 1000 as maximum number of snapshots.
Using 1000 as height.
Using 0 as GUI option.
Using 2 infected nodes initially.
Using 0 vaccinated nodes initially.
Using 2 as vaccine efficiency.
Using 100 as infection period.
Using 200 as contagion period.
Using 1100 as immune period.
Using 200 as travel distance.
Using 1 as printout option.
Using 0 as stop_all_sane condition.
-----
98 2 0
98 2 0
98 2 0
98 2 0
98 2 0
98 2 0
98 2 0
98 2 0
98 2 0
96 4 0
96 4 0
96 4 0
95 5 0
94 6 0
94 5 1
93 6 1
93 6 1
93 6 1
93 5 2
93 5 2
93 5 2
93 5 2
93 5 2
93 4 3
93 4 3
93 3 4
93 3 4
93 3 4
93 3 4
93 3 4
92 4 4
92 4 4
92 4 4
91 4 5
91 2 7
90 3 7
89 4 7
86 7 7
85 8 7
85 8 7
84 9 7
84 9 7
84 9 7
84 8 8
84 8 8
84 8 8
81 11 8
80 12 8
80 12 8
78 14 8
78 14 8
78 14 8
77 15 8
74 17 9
74 16 10
72 18 10
72 16 12
72 15 13
69 16 15
65 19 16
65 19 16
65 18 17
64 18 18
62 20 18
60 21 19
59 22 19
59 22 19
57 23 20
56 24 20
55 24 21
52 26 22
49 27 24
49 26 25
49 24 27
48 23 29
48 21 31
48 20 32
48 20 32
48 18 34
44 21 35
44 19 37
43 15 42
42 16 42
42 15 43
42 14 44
41 14 45
40 15 45
40 15 45
39 15 46
38 14 48
36 15 49
36 13 51
34 15 51
34 15 51
34 14 52
32 16 52
32 16 52
32 16 52
30 18 52
29 19 52
-----
Simulation parameters:
Using 100 nodes.
Using 10 snapshot period.
Using 100 as maximum number of snapshots.
Using 1000 as maximum number of snapshots.
Using 1000 as height.
Using 0 as GUI option.
Using 2 infected nodes initially.
Using 0 vaccinated nodes initially.
Using 2 as vaccine efficiency.
Using 100 as infection period.
Using 200 as contagion period.
Using 1150 as immune period.
Using 200 as travel distance.
Using 1 as printout option.
Using 0 as stop_all_sane condition.
-----
98 2 0
98 2 0
98 2 0
98 2 0
98 2 0
98 2 0
98 2 0
97 3 0
97 3 0
97 3 0
97 3 0
96 4 0
96 4 0
95 5 0
95 5 0
93 7 0
93 7 0
93 7 0
90 9 1
88 11 1
88 11 1
88 11 1
88 11 1
87 11 2
87 10 3
87 10 3
87 10 3
87 10 3
87 9 4
86 10 4
85 11 4
84 11 5
83 11 6
82 11 7
82 10 8
82 10 8
82 9 9
81 8 11
81 8 11
81 8 11
81 7 12
81 6 13
81 6 13
81 6 13
81 6 13
81 6 13
79 8 13
79 7 14
79 7 14
78 8 14
78 7 15
77 7 16
77 6 17
76 6 18
76 6 18
75 7 18
75 6 19
75 6 19
75 6 19
75 6 19
75 5 20
75 5 20
74 5 21
74 5 21
74 5 21
74 4 22
74 4 22
73 4 23
72 5 23
71 6 23
71 6 23
71 6 23
71 5 24
69 6 25
69 6 25
68 6 26
68 6 26
66 8 26
66 8 26
66 8 26
66 7 27
66 7 27
66 7 27
64 9 27
64 9 27
64 8 28
64 7 29
63 8 29
61 9 30
60 10 30
59 11 30
59 11 30
59 10 31
58 10 32
57 10 33
57 10 33
54 12 34
54 11 35
54 11 35
53 11 36
-----
Simulation parameters:
Using 100 nodes.
Using 10 snapshot period.
Using 100 as maximum number of snapshots.
Using 1000 as maximum number of snapshots.
Using 1000 as height.
Using 0 as GUI option.
Using 2 infected nodes initially.
Using 0 vaccinated nodes initially.
Using 2 as vaccine efficiency.
Using 100 as infection period.
Using 200 as contagion period.
Using 1200 as immune period.
Using 200 as travel distance.
Using 1 as printout option.
Using 0 as stop_all_sane condition.
-----
98 2 0
98 2 0
98 2 0
98 2 0
98 2 0
98 2 0
98 2 0
98 2 0
97 3 0
97 3 0
97 3 0
97 3 0
97 3 0
97 3 0
97 3 0
97 3 0
97 3 0
97 3 0
97 3 0
97 3 0
97 3 0
97 2 1
97 2 1
96 3 1
95 3 2
95 2 3
95 2 3
94 3 3
94 3 3
94 3 3
92 5 3
92 5 3
91 6 3
90 7 3
88 9 3
88 9 3
88 8 4
87 8 5
87 8 5
87 8 5
86 9 5
86 9 5
86 9 5
85 10 5
84 10 6
84 10 6
84 9 7
83 10 7
82 10 8
82 9 9
81 10 9
81 9 10
81 9 10
81 9 10
81 9 10
81 8 11
80 7 13
79 8 13
79 7 14
79 7 14
79 7 14
79 6 15
79 5 16
79 5 16
79 4 17
79 4 17
78 5 17
77 5 18
77 5 18
76 5 19
75 6 19
75 6 19
75 5 20
74 6 20
74 6 20
74 6 20
73 7 20
73 7 20
72 8 20
72 8 20
70 8 22
70 8 22
70 8 22
70 8 22
70 7 23
69 8 23
69 8 23
69 8 23
69 6 25
69 6 25
68 7 25
67 7 26
67 6 27
67 6 27
67 4 29
67 4 29
67 4 29
67 4 29
67 3 30
66 4 30
-----
Simulation parameters:
Using 100 nodes.
Using 10 snapshot period.
Using 100 as maximum number of snapshots.
Using 1000 as maximum number of snapshots.
Using 1000 as height.
Using 0 as GUI option.
Using 2 infected nodes initially.
Using 0 vaccinated nodes initially.
Using 2 as vaccine efficiency.
Using 100 as infection period.
Using 200 as contagion period.
Using 1250 as immune period.
Using 200 as travel distance.
Using 1 as printout option.
Using 0 as stop_all_sane condition.
-----
98 2 0
98 2 0
98 2 0
98 2 0
98 2 0
98 2 0
98 2 0
97 3 0
94 6 0
92 8 0
91 9 0
91 9 0
90 10 0
90 10 0
89 11 0
89 11 0
87 13 0
86 14 0
86 13 1
84 15 1
83 16 1
81 16 3
81 15 4
81 14 5
81 13 6
80 13 7
80 13 7
78 14 8
77 15 8
77 15 8
77 13 10
77 13 10
77 12 11
77 12 11
77 11 12
77 9 14
77 8 15
77 6 17
77 5 18
76 5 19
76 5 19
74 7 19
74 5 21
74 5 21
74 5 21
74 5 21
74 4 22
74 3 23
74 3 23
74 3 23
74 3 23
73 4 23
73 4 23
73 4 23
73 4 23
73 4 23
73 4 23
73 4 23
73 4 23
73 4 23
73 3 24
73 2 25
73 1 26
73 1 26
73 0 27
73 0 27
73 0 27
73 0 27
73 0 27
73 0 27
73 0 27
73 0 27
73 0 27
73 0 27
73 0 27
73 0 27
73 0 27
73 0 27
73 0 27
73 0 27
73 0 27
73 0 27
73 0 27
73 0 27
73 0 27
73 0 27
73 0 27
73 0 27
73 0 27
73 0 27
73 0 27
73 0 27
73 0 27
73 0 27
73 0 27
73 0 27
73 0 27
73 0 27
73 0 27
73 0 27
