-----
Simulation parameters:
Using 100 nodes.
Using 10 snapshot period.
Using 100 as maximum number of snapshots.
Using 1000 as maximum number of snapshots.
Using 1000 as height.
Using 0 as GUI option.
Using 2 infected nodes initially.
Using 0 vaccinated nodes initially.
Using 2 as vaccine efficiency.
Using 100 as infection period.
Using 200 as contagion period.
Using 300 as immune period.
Using 200 as travel distance.
Using 1 as printout option.
Using 0 as stop_all_sane condition.
-----
98 2 0
98 2 0
98 2 0
98 2 0
98 2 0
98 2 0
98 2 0
97 3 0
97 3 0
97 3 0
96 4 0
96 4 0
96 4 0
95 5 0
95 5 0
95 5 0
95 5 0
95 5 0
94 6 0
94 6 0
93 5 2
92 5 3
92 5 3
91 5 4
91 5 4
91 5 4
91 5 4
89 7 4
89 7 4
89 7 4
88 7 5
87 8 5
85 10 5
82 13 5
80 15 5
79 15 6
76 18 6
76 18 6
76 17 7
76 17 7
74 19 7
73 20 7
71 21 8
70 20 10
67 22 11
65 23 12
66 23 11
65 23 12
65 23 12
64 22 14
64 20 16
61 21 18
62 20 18
61 20 19
61 18 21
62 17 21
64 15 21
62 16 22
61 16 23
61 16 23
61 16 23
61 16 23
61 13 26
61 12 27
59 14 27
58 12 30
59 11 30
57 12 31
58 12 30
59 12 29
59 12 29
59 12 29
61 12 27
63 9 28
65 9 26
67 8 25
68 8 24
69 7 24
70 8 22
70 7 23
69 8 23
69 9 22
70 8 22
71 8 21
72 6 22
75 6 19
77 6 17
77 6 17
79 5 16
81 4 15
82 3 15
83 3 14
84 3 13
85 3 12
86 3 11
86 3 11
87 2 11
87 2 11
88 3 9
86 5 9
-----
Simulation parameters:
Using 100 nodes.
Using 10 snapshot period.
Using 100 as maximum number of snapshots.
Using 1000 as maximum number of snapshots.
Using 1000 as height.
Using 0 as GUI option.
Using 4 infected nodes initially.
Using 0 vaccinated nodes initially.
Using 2 as vaccine efficiency.
Using 100 as infection period.
Using 200 as contagion period.
Using 300 as immune period.
Using 200 as travel distance.
Using 1 as printout option.
Using 0 as stop_all_sane condition.
-----
96 4 0
96 4 0
96 4 0
96 4 0
96 4 0
96 4 0
96 4 0
92 8 0
90 10 0
90 10 0
88 12 0
87 13 0
87 13 0
85 15 0
85 15 0
85 15 0
85 13 2
84 14 2
82 16 2
81 16 3
79 17 4
78 17 5
75 20 5
73 20 7
72 18 10
71 18 11
66 23 11
65 23 12
63 24 13
62 25 13
62 25 13
61 25 14
56 29 15
56 28 16
55 28 17
53 30 17
49 32 19
50 31 19
49 30 21
48 31 21
48 30 22
48 30 22
46 31 23
45 30 25
42 31 27
41 30 29
38 32 30
37 30 33
36 30 34
40 30 30
36 31 33
37 29 34
37 28 35
38 27 35
36 28 36
36 28 36
33 29 38
33 29 38
32 30 38
31 31 38
29 30 41
30 30 40
26 34 40
26 34 40
25 34 41
26 29 45
26 28 46
29 27 44
26 27 47
27 23 50
33 22 45
34 22 44
34 21 45
38 21 41
37 23 40
37 23 40
37 23 40
37 22 41
36 23 41
36 23 41
35 23 42
36 22 42
34 26 40
36 25 39
35 24 41
35 23 42
36 23 41
36 24 40
36 26 38
35 25 40
36 23 41
37 24 39
36 24 40
38 24 38
37 22 41
36 22 42
39 22 39
42 21 37
41 22 37
43 21 36
-----
Simulation parameters:
Using 100 nodes.
Using 10 snapshot period.
Using 100 as maximum number of snapshots.
Using 1000 as maximum number of snapshots.
Using 1000 as height.
Using 0 as GUI option.
Using 6 infected nodes initially.
Using 0 vaccinated nodes initially.
Using 2 as vaccine efficiency.
Using 100 as infection period.
Using 200 as contagion period.
Using 300 as immune period.
Using 200 as travel distance.
Using 1 as printout option.
Using 0 as stop_all_sane condition.
-----
94 6 0
94 6 0
94 6 0
94 6 0
94 6 0
94 6 0
94 6 0
91 9 0
89 11 0
85 15 0
78 22 0
77 23 0
76 24 0
74 25 1
72 26 2
72 26 2
71 26 3
69 26 5
68 26 6
67 27 6
67 27 6
66 28 6
64 29 7
62 28 10
62 25 13
59 25 16
55 28 17
54 28 18
52 30 18
51 27 22
49 25 26
48 24 28
48 24 28
47 23 30
47 22 31
47 21 32
45 22 33
45 21 34
44 21 35
43 20 37
44 20 36
45 16 39
47 15 38
47 15 38
48 15 37
49 14 37
50 13 37
50 11 39
50 9 41
51 8 41
52 7 41
52 8 40
53 8 39
53 9 38
54 9 37
57 8 35
61 9 30
61 10 29
61 9 30
61 10 29
61 10 29
62 10 28
62 10 28
63 8 29
65 8 27
66 8 26
67 8 25
68 8 24
69 7 24
68 8 24
69 8 23
71 8 21
70 8 22
68 9 23
69 8 23
71 8 21
70 9 21
70 11 19
70 11 19
70 12 18
70 13 17
71 13 16
70 14 16
71 14 15
70 15 15
72 13 15
73 13 14
74 11 15
74 11 15
74 11 15
75 10 15
76 10 14
78 10 12
79 10 11
78 9 13
79 9 12
79 9 12
79 7 14
80 6 14
80 4 16
-----
Simulation parameters:
Using 100 nodes.
Using 10 snapshot period.
Using 100 as maximum number of snapshots.
Using 1000 as maximum number of snapshots.
Using 1000 as height.
Using 0 as GUI option.
Using 8 infected nodes initially.
Using 0 vaccinated nodes initially.
Using 2 as vaccine efficiency.
Using 100 as infection period.
Using 200 as contagion period.
Using 300 as immune period.
Using 200 as travel distance.
Using 1 as printout option.
Using 0 as stop_all_sane condition.
-----
93 7 0
93 7 0
93 7 0
93 7 0
93 7 0
93 7 0
93 7 0
88 12 0
85 15 0
82 18 0
81 19 0
77 23 0
76 24 0
70 30 0
66 34 0
63 36 1
62 37 1
61 37 2
59 38 3
59 38 3
55 42 3
51 44 5
47 48 5
42 52 6
41 49 10
37 50 13
33 52 15
31 51 18
31 50 19
28 49 23
26 49 25
26 47 27
24 47 29
23 47 30
20 48 32
21 45 34
21 41 38
21 37 42
20 37 43
20 35 45
20 30 50
20 24 56
20 20 60
21 17 62
23 16 61
23 14 63
26 14 60
28 13 59
27 14 59
27 14 59
28 11 61
28 9 63
28 7 65
29 7 64
31 6 63
34 6 60
36 5 59
36 6 58
37 4 59
39 4 57
43 4 53
47 4 49
51 3 46
52 3 45
55 3 42
56 3 41
59 4 37
60 3 37
63 3 34
69 3 28
72 3 25
75 3 22
77 3 20
78 1 21
78 1 21
78 1 21
80 1 19
84 1 15
86 1 13
88 1 11
88 1 11
89 1 10
89 1 10
90 1 9
92 1 7
92 1 7
93 1 6
93 1 6
93 0 7
93 0 7
94 0 6
95 0 5
95 0 5
95 0 5
95 0 5
95 0 5
95 0 5
95 0 5
98 0 2
98 0 2
-----
Simulation parameters:
Using 100 nodes.
Using 10 snapshot period.
Using 100 as maximum number of snapshots.
Using 1000 as maximum number of snapshots.
Using 1000 as height.
Using 0 as GUI option.
Using 10 infected nodes initially.
Using 0 vaccinated nodes initially.
Using 2 as vaccine efficiency.
Using 100 as infection period.
Using 200 as contagion period.
Using 300 as immune period.
Using 200 as travel distance.
Using 1 as printout option.
Using 0 as stop_all_sane condition.
-----
91 9 0
91 9 0
91 9 0
91 9 0
91 9 0
91 9 0
91 9 0
83 17 0
82 18 0
79 21 0
72 28 0
68 32 0
64 36 0
62 37 1
61 38 1
59 40 1
57 42 1
56 43 1
55 44 1
52 46 2
52 42 6
49 43 8
47 43 10
46 43 11
45 41 14
43 39 18
41 40 19
40 37 23
38 38 24
36 39 25
33 40 27
31 34 35
30 34 36
30 31 39
28 33 39
28 32 40
28 28 44
27 27 46
28 24 48
26 23 51
25 24 51
26 23 51
24 23 53
23 21 56
22 20 58
21 20 59
22 21 57
23 17 60
24 18 58
28 19 53
31 16 53
31 16 53
33 16 51
33 15 52
36 14 50
35 14 51
35 13 52
42 13 45
44 11 45
45 11 44
44 11 45
43 12 45
48 11 41
51 10 39
53 9 38
53 9 38
55 10 35
58 10 32
60 9 31
60 9 31
62 10 28
64 10 26
65 10 25
65 10 25
69 10 21
69 9 22
71 8 21
72 8 20
73 7 20
73 8 19
72 10 18
71 13 16
70 15 15
70 12 18
71 11 18
72 11 17
72 11 17
70 13 17
71 13 16
70 14 16
69 15 16
69 14 17
68 16 16
67 15 18
66 15 19
67 16 17
71 15 14
71 16 13
71 15 14
69 17 14
-----
Simulation parameters:
Using 100 nodes.
Using 10 snapshot period.
Using 100 as maximum number of snapshots.
Using 1000 as maximum number of snapshots.
Using 1000 as height.
Using 0 as GUI option.
Using 12 infected nodes initially.
Using 0 vaccinated nodes initially.
Using 2 as vaccine efficiency.
Using 100 as infection period.
Using 200 as contagion period.
Using 300 as immune period.
Using 200 as travel distance.
Using 1 as printout option.
Using 0 as stop_all_sane condition.
-----
90 10 0
90 10 0
90 10 0
90 10 0
90 10 0
90 10 0
90 10 0
90 10 0
86 14 0
84 16 0
78 22 0
75 25 0
72 28 0
69 30 1
68 30 2
67 30 3
65 32 3
62 34 4
58 37 5
53 40 7
51 42 7
48 45 7
46 44 10
43 45 12
38 49 13
35 50 15
34 50 16
31 51 18
31 48 21
27 49 24
26 47 27
25 46 29
24 47 29
24 44 32
23 45 32
22 43 35
20 43 37
20 43 37
18 43 39
18 41 41
19 31 50
19 28 53
19 27 54
19 26 55
17 26 57
16 25 59
16 24 60
19 21 60
22 17 61
23 16 61
24 17 59
26 15 59
26 14 60
27 13 60
29 11 60
31 11 58
30 8 62
33 6 61
35 6 59
38 6 56
41 3 56
44 3 53
46 3 51
46 3 51
48 3 49
49 3 48
50 3 47
55 3 42
57 2 41
57 2 41
61 2 37
64 2 34
66 2 32
68 0 32
73 0 27
74 0 26
75 0 25
79 0 21
83 0 17
85 0 15
89 0 11
90 0 10
93 0 7
93 0 7
93 0 7
93 0 7
93 0 7
94 0 6
94 0 6
94 0 6
95 0 5
95 0 5
97 0 3
97 0 3
97 0 3
97 0 3
97 0 3
97 0 3
97 0 3
97 0 3
-----
Simulation parameters:
Using 100 nodes.
Using 10 snapshot period.
Using 100 as maximum number of snapshots.
Using 1000 as maximum number of snapshots.
Using 1000 as height.
Using 0 as GUI option.
Using 14 infected nodes initially.
Using 0 vaccinated nodes initially.
Using 2 as vaccine efficiency.
Using 100 as infection period.
Using 200 as contagion period.
Using 300 as immune period.
Using 200 as travel distance.
Using 1 as printout option.
Using 0 as stop_all_sane condition.
-----
86 14 0
86 14 0
86 14 0
86 14 0
86 14 0
86 14 0
86 14 0
80 20 0
74 26 0
66 34 0
64 36 0
63 37 0
60 40 0
60 39 1
55 43 2
54 42 4
51 43 6
47 46 7
45 47 8
43 48 9
39 48 13
38 46 16
34 49 17
29 52 19
27 50 23
24 52 24
22 53 25
20 53 27
20 52 28
19 52 29
18 47 35
16 49 35
16 43 41
17 41 42
14 43 43
14 41 45
14 36 50
13 36 51
14 33 53
14 28 58
14 26 60
15 26 59
16 22 62
15 22 63
17 22 61
17 20 63
18 17 65
19 13 68
18 12 70
19 13 68
22 13 65
24 13 63
25 12 63
27 12 61
28 12 60
33 10 57
36 10 54
37 8 55
42 8 50
44 7 49
46 8 46
49 8 43
49 8 43
51 8 41
51 8 41
53 8 39
55 8 37
59 7 34
62 7 31
68 7 25
68 6 26
70 6 24
71 6 23
74 6 20
75 6 19
75 5 20
78 5 17
78 5 17
79 5 16
81 5 14
80 6 14
80 6 14
81 6 13
82 5 13
82 5 13
84 5 11
84 5 11
83 5 12
83 4 13
85 4 11
86 4 10
87 4 9
88 5 7
87 6 7
87 6 7
87 6 7
87 6 7
87 6 7
87 6 7
86 7 7
-----
Simulation parameters:
Using 100 nodes.
Using 10 snapshot period.
Using 100 as maximum number of snapshots.
Using 1000 as maximum number of snapshots.
Using 1000 as height.
Using 0 as GUI option.
Using 16 infected nodes initially.
Using 0 vaccinated nodes initially.
Using 2 as vaccine efficiency.
Using 100 as infection period.
Using 200 as contagion period.
Using 300 as immune period.
Using 200 as travel distance.
Using 1 as printout option.
Using 0 as stop_all_sane condition.
-----
84 16 0
84 16 0
84 16 0
84 16 0
84 16 0
84 16 0
84 16 0
77 23 0
73 27 0
71 29 0
67 33 0
65 35 0
60 40 0
56 44 0
55 44 1
53 44 3
49 45 6
46 46 8
40 51 9
37 53 10
34 56 10
34 53 13
31 54 15
27 56 17
25 56 19
22 57 21
21 55 24
20 53 27
19 52 29
18 52 30
14 51 35
14 46 40
14 42 44
14 39 47
14 34 52
13 34 53
13 32 55
13 31 56
14 25 61
14 24 62
12 23 65
13 22 65
15 19 66
16 15 69
18 16 66
19 16 65
19 14 67
19 13 68
20 11 69
21 10 69
23 9 68
24 8 68
26 7 67
30 4 66
30 4 66
34 4 62
36 4 60
35 5 60
38 5 57
42 5 53
44 5 51
48 5 47
49 4 47
51 4 45
54 4 42
59 4 37
62 5 33
66 5 29
68 6 26
71 6 23
73 6 21
73 7 20
75 7 18
80 7 13
80 8 12
80 7 13
83 7 10
82 8 10
83 8 9
82 7 11
82 7 11
83 7 10
84 7 9
86 7 7
84 7 9
83 8 9
82 9 9
81 11 8
81 11 8
81 11 8
81 11 8
82 11 7
82 10 8
82 8 10
82 8 10
81 10 9
81 9 10
82 8 10
82 8 10
82 8 10
-----
Simulation parameters:
Using 100 nodes.
Using 10 snapshot period.
Using 100 as maximum number of snapshots.
Using 1000 as maximum number of snapshots.
Using 1000 as height.
Using 0 as GUI option.
Using 18 infected nodes initially.
Using 0 vaccinated nodes initially.
Using 2 as vaccine efficiency.
Using 100 as infection period.
Using 200 as contagion period.
Using 300 as immune period.
Using 200 as travel distance.
Using 1 as printout option.
Using 0 as stop_all_sane condition.
-----
84 16 0
84 16 0
84 16 0
84 16 0
84 16 0
84 16 0
84 16 0
83 17 0
78 22 0
72 28 0
66 34 0
61 39 0
58 42 0
58 40 2
55 43 2
52 44 4
51 45 4
49 46 5
46 48 6
43 49 8
39 50 11
38 47 15
36 47 17
33 50 17
32 49 19
28 50 22
27 48 25
26 45 29
23 46 31
22 43 35
22 40 38
22 40 38
23 32 45
23 31 46
23 27 50
23 27 50
23 26 51
22 27 51
22 26 52
21 26 53
23 25 52
23 17 60
24 14 62
24 13 63
24 11 65
25 9 66
25 8 67
26 7 67
28 6 66
29 6 65
32 6 62
33 6 61
39 4 57
38 5 57
46 5 49
45 6 49
48 6 46
50 6 44
52 6 42
53 7 40
57 6 37
58 7 35
61 7 32
61 8 31
61 8 31
66 8 26
66 8 26
66 9 25
66 8 26
67 9 24
68 9 23
67 12 21
67 13 20
65 15 20
67 14 19
70 13 17
75 13 12
77 11 12
78 12 10
77 12 11
73 16 11
72 17 11
71 17 12
70 18 12
68 19 13
66 21 13
65 24 11
64 26 10
60 30 10
60 30 10
58 30 12
56 31 13
55 30 15
54 31 15
52 32 16
48 33 19
44 37 19
42 40 18
44 40 16
42 42 16
-----
Simulation parameters:
Using 100 nodes.
Using 10 snapshot period.
Using 100 as maximum number of snapshots.
Using 1000 as maximum number of snapshots.
Using 1000 as height.
Using 0 as GUI option.
Using 20 infected nodes initially.
Using 0 vaccinated nodes initially.
Using 2 as vaccine efficiency.
Using 100 as infection period.
Using 200 as contagion period.
Using 300 as immune period.
Using 200 as travel distance.
Using 1 as printout option.
Using 0 as stop_all_sane condition.
-----
83 17 0
83 17 0
83 17 0
83 17 0
83 17 0
83 17 0
83 17 0
79 21 0
73 27 0
67 33 0
62 38 0
59 41 0
56 44 0
56 43 1
55 42 3
53 43 4
51 43 6
51 42 7
50 40 10
50 40 10
48 41 11
48 36 16
45 34 21
45 33 22
43 34 23
41 32 27
40 32 28
40 31 29
38 32 30
35 32 33
35 28 37
33 25 42
33 23 44
32 23 45
31 22 47
30 22 48
29 24 47
29 21 50
29 22 49
30 20 50
33 18 49
32 20 48
32 19 49
32 18 50
31 18 51
30 17 53
30 19 51
34 17 49
36 17 47
37 16 47
37 17 46
38 16 46
40 15 45
40 17 43
41 17 42
43 17 40
45 18 37
46 16 38
48 14 38
48 14 38
48 15 37
50 14 36
50 14 36
50 14 36
51 14 35
54 12 34
51 15 34
53 14 33
54 14 32
55 14 31
56 15 29
56 14 30
56 14 30
59 13 28
62 14 24
61 15 24
61 15 24
62 14 24
63 12 25
64 11 25
64 11 25
66 11 23
67 12 21
67 11 22
68 12 20
69 11 20
70 10 20
70 9 21
70 9 21
72 8 20
72 9 19
72 11 17
71 12 17
71 12 17
70 12 18
71 12 17
69 13 18
68 13 19
67 12 21
63 16 21
