-----
Simulation parameters:
Using 100 nodes.
Using 10 snapshot period.
Using 100 as maximum number of snapshots.
Using 1000 as maximum number of snapshots.
Using 1000 as height.
Using 0 as GUI option.
Using 2 infected nodes initially.
Using 0 vaccinated nodes initially.
Using 2 as vaccine efficiency.
Using 100 as infection period.
Using 200 as contagion period.
Using 300 as immune period.
Using 200 as travel distance.
Using 1 as printout option.
Using 0 as stop_all_sane condition.
-----
98 2 0
98 2 0
98 2 0
98 2 0
98 2 0
98 2 0
98 2 0
97 3 0
97 3 0
96 4 0
95 5 0
94 6 0
92 8 0
91 8 1
89 10 1
88 11 1
87 12 1
84 15 1
82 17 1
81 18 1
81 17 2
80 18 2
80 18 2
79 19 2
76 20 4
73 22 5
73 22 5
70 24 6
70 23 7
69 24 7
69 23 8
69 23 8
65 27 8
64 28 8
64 26 10
63 25 12
60 28 12
59 27 14
58 25 17
58 24 18
58 22 20
55 24 21
54 22 24
54 22 24
53 21 26
53 21 26
52 22 26
52 21 27
52 18 30
48 22 30
47 23 30
45 24 31
42 26 32
42 24 34
37 29 34
36 29 35
34 31 35
35 31 34
31 34 35
28 33 39
22 38 40
20 39 41
20 40 40
21 38 41
24 39 37
21 41 38
22 40 38
25 39 36
28 33 39
28 32 40
29 32 39
35 30 35
35 29 36
35 29 36
35 28 37
36 25 39
36 23 41
37 20 43
37 17 46
39 15 46
39 16 45
38 14 48
42 14 44
40 15 45
40 13 47
41 12 47
41 12 47
40 13 47
42 14 44
44 12 44
46 12 42
46 14 40
45 15 40
44 17 39
40 21 39
40 22 38
40 21 39
43 20 37
45 21 34
46 21 33
-----
Simulation parameters:
Using 100 nodes.
Using 10 snapshot period.
Using 100 as maximum number of snapshots.
Using 1000 as maximum number of snapshots.
Using 1000 as height.
Using 0 as GUI option.
Using 2 infected nodes initially.
Using 2 vaccinated nodes initially.
Using 2 as vaccine efficiency.
Using 100 as infection period.
Using 200 as contagion period.
Using 300 as immune period.
Using 200 as travel distance.
Using 1 as printout option.
Using 0 as stop_all_sane condition.
-----
98 2 0
98 2 0
98 2 0
98 2 0
98 2 0
98 2 0
98 2 0
98 2 0
98 2 0
98 2 0
97 3 0
97 3 0
97 3 0
96 4 0
96 4 0
96 4 0
96 4 0
95 5 0
94 6 0
94 6 0
94 5 1
94 5 1
93 6 1
93 5 2
92 6 2
90 8 2
90 8 2
89 9 2
88 9 3
86 11 3
84 13 3
84 12 4
84 12 4
80 16 4
80 16 4
80 16 4
80 15 5
80 14 6
77 17 6
75 19 6
73 20 7
71 22 7
70 21 9
69 22 9
68 21 11
67 21 12
64 23 13
63 24 13
62 24 14
62 23 15
62 22 16
61 23 16
59 25 16
60 22 18
56 25 19
54 26 20
54 26 20
52 27 21
51 26 23
52 26 22
52 24 24
51 25 24
48 29 23
47 28 25
45 30 25
44 30 26
40 31 29
41 30 29
40 30 30
39 28 33
39 28 33
40 27 33
40 25 35
41 25 34
40 23 37
40 23 37
41 19 40
42 18 40
46 18 36
46 17 37
47 15 38
44 14 42
47 13 40
49 10 41
49 10 41
49 10 41
49 11 40
51 10 39
50 10 40
51 9 40
51 10 39
53 10 37
54 11 35
52 13 35
46 18 36
44 20 36
42 22 36
44 23 33
42 26 32
43 26 31
-----
Simulation parameters:
Using 100 nodes.
Using 10 snapshot period.
Using 100 as maximum number of snapshots.
Using 1000 as maximum number of snapshots.
Using 1000 as height.
Using 0 as GUI option.
Using 2 infected nodes initially.
Using 4 vaccinated nodes initially.
Using 2 as vaccine efficiency.
Using 100 as infection period.
Using 200 as contagion period.
Using 300 as immune period.
Using 200 as travel distance.
Using 1 as printout option.
Using 0 as stop_all_sane condition.
-----
98 2 0
98 2 0
98 2 0
98 2 0
98 2 0
98 2 0
98 2 0
98 2 0
97 3 0
97 3 0
95 5 0
93 7 0
93 7 0
91 9 0
90 10 0
90 9 1
90 9 1
89 10 1
89 10 1
89 10 1
87 12 1
87 12 1
86 13 1
86 13 1
85 13 2
85 13 2
82 14 4
82 13 5
81 13 6
76 17 7
75 18 7
74 19 7
73 20 7
71 21 8
71 21 8
70 21 9
70 21 9
70 19 11
69 19 12
68 19 13
67 19 14
65 19 16
63 21 16
62 20 18
61 21 18
59 23 18
56 26 18
53 29 18
52 29 19
52 28 20
52 27 21
53 26 21
53 25 22
54 23 23
53 24 23
51 22 27
48 25 27
51 24 25
52 22 26
51 22 27
52 20 28
50 21 29
49 19 32
50 18 32
49 19 32
47 20 33
50 20 30
50 19 31
50 17 33
50 16 34
49 17 34
48 19 33
45 20 35
45 20 35
43 21 36
45 20 35
42 23 35
43 21 36
43 21 36
41 23 36
41 24 35
40 24 36
41 21 38
42 21 37
44 21 35
46 19 35
47 16 37
49 16 35
49 15 36
50 14 36
50 15 35
50 15 35
52 13 35
53 11 36
56 11 33
57 11 32
58 10 32
58 10 32
59 6 35
61 5 34
-----
Simulation parameters:
Using 100 nodes.
Using 10 snapshot period.
Using 100 as maximum number of snapshots.
Using 1000 as maximum number of snapshots.
Using 1000 as height.
Using 0 as GUI option.
Using 2 infected nodes initially.
Using 6 vaccinated nodes initially.
Using 2 as vaccine efficiency.
Using 100 as infection period.
Using 200 as contagion period.
Using 300 as immune period.
Using 200 as travel distance.
Using 1 as printout option.
Using 0 as stop_all_sane condition.
-----
98 2 0
98 2 0
98 2 0
98 2 0
98 2 0
98 2 0
98 2 0
97 3 0
96 4 0
95 5 0
95 5 0
93 7 0
92 8 0
91 9 0
91 8 1
91 8 1
90 9 1
90 9 1
90 9 1
89 9 2
89 9 2
89 9 2
88 9 3
85 12 3
85 10 5
84 11 5
82 12 6
82 11 7
80 12 8
78 14 8
77 15 8
77 15 8
76 15 9
76 15 9
76 15 9
74 17 9
74 17 9
70 20 10
69 20 11
66 22 12
66 20 14
65 21 14
64 21 15
64 19 17
61 22 17
60 22 18
60 22 18
59 24 17
58 25 17
58 26 16
57 26 17
56 27 17
55 23 22
56 23 21
57 22 21
56 21 23
57 21 22
56 20 24
56 18 26
56 15 29
58 15 27
57 15 28
57 14 29
57 12 31
58 13 29
57 14 29
58 13 29
58 12 30
58 11 31
57 13 30
55 14 31
55 13 32
54 13 33
55 14 31
55 14 31
56 14 30
57 12 31
58 12 30
59 12 29
61 12 27
62 13 25
63 12 25
63 13 24
63 12 25
64 10 26
67 10 23
67 12 21
66 13 21
65 13 22
65 11 24
65 10 25
66 11 23
63 15 22
63 15 22
66 14 20
66 13 21
67 13 20
67 13 20
68 12 20
67 13 20
-----
Simulation parameters:
Using 100 nodes.
Using 10 snapshot period.
Using 100 as maximum number of snapshots.
Using 1000 as maximum number of snapshots.
Using 1000 as height.
Using 0 as GUI option.
Using 2 infected nodes initially.
Using 8 vaccinated nodes initially.
Using 2 as vaccine efficiency.
Using 100 as infection period.
Using 200 as contagion period.
Using 300 as immune period.
Using 200 as travel distance.
Using 1 as printout option.
Using 0 as stop_all_sane condition.
-----
98 2 0
98 2 0
98 2 0
98 2 0
98 2 0
98 2 0
98 2 0
96 4 0
95 5 0
95 5 0
95 5 0
95 5 0
95 5 0
95 5 0
95 5 0
95 5 0
95 5 0
94 6 0
94 5 1
94 4 2
94 3 3
94 3 3
94 3 3
92 5 3
91 6 3
91 6 3
91 6 3
90 7 3
90 6 4
90 6 4
90 5 5
90 5 5
89 6 5
87 8 5
84 11 5
83 12 5
83 11 6
81 13 6
80 12 8
79 13 8
77 14 9
75 15 10
75 15 10
74 17 9
73 19 8
71 21 8
70 22 8
69 22 9
69 21 10
65 24 11
65 24 11
63 26 11
61 27 12
61 27 12
61 27 12
58 29 13
57 29 14
56 26 18
56 25 19
53 26 21
54 22 24
56 21 23
55 20 25
54 20 26
54 16 30
54 16 30
53 17 30
52 18 30
52 15 33
53 15 32
53 13 34
53 12 35
53 12 35
52 12 36
52 13 35
54 9 37
54 8 38
54 8 38
57 9 34
56 9 35
56 10 34
54 11 35
55 10 35
55 10 35
53 12 35
52 12 36
54 12 34
58 12 30
60 12 28
60 13 27
58 14 28
58 13 29
58 14 28
59 14 27
60 13 27
63 15 22
64 15 21
64 16 20
63 18 19
63 18 19
-----
Simulation parameters:
Using 100 nodes.
Using 10 snapshot period.
Using 100 as maximum number of snapshots.
Using 1000 as maximum number of snapshots.
Using 1000 as height.
Using 0 as GUI option.
Using 2 infected nodes initially.
Using 10 vaccinated nodes initially.
Using 2 as vaccine efficiency.
Using 100 as infection period.
Using 200 as contagion period.
Using 300 as immune period.
Using 200 as travel distance.
Using 1 as printout option.
Using 0 as stop_all_sane condition.
-----
99 1 0
99 1 0
99 1 0
99 1 0
99 1 0
99 1 0
99 1 0
99 1 0
99 1 0
99 1 0
99 1 0
99 1 0
99 1 0
99 1 0
99 1 0
99 1 0
99 0 1
99 0 1
99 0 1
99 0 1
99 0 1
99 0 1
99 0 1
99 0 1
99 0 1
99 0 1
99 0 1
99 0 1
99 0 1
99 0 1
99 0 1
99 0 1
99 0 1
99 0 1
99 0 1
99 0 1
100 0 0
100 0 0
100 0 0
100 0 0
100 0 0
100 0 0
100 0 0
100 0 0
100 0 0
100 0 0
100 0 0
100 0 0
100 0 0
100 0 0
100 0 0
100 0 0
100 0 0
100 0 0
100 0 0
100 0 0
100 0 0
100 0 0
100 0 0
100 0 0
100 0 0
100 0 0
100 0 0
100 0 0
100 0 0
100 0 0
100 0 0
100 0 0
100 0 0
100 0 0
100 0 0
100 0 0
100 0 0
100 0 0
100 0 0
100 0 0
100 0 0
100 0 0
100 0 0
100 0 0
100 0 0
100 0 0
100 0 0
100 0 0
100 0 0
100 0 0
100 0 0
100 0 0
100 0 0
100 0 0
100 0 0
100 0 0
100 0 0
100 0 0
100 0 0
100 0 0
100 0 0
100 0 0
100 0 0
100 0 0
-----
Simulation parameters:
Using 100 nodes.
Using 10 snapshot period.
Using 100 as maximum number of snapshots.
Using 1000 as maximum number of snapshots.
Using 1000 as height.
Using 0 as GUI option.
Using 2 infected nodes initially.
Using 12 vaccinated nodes initially.
Using 2 as vaccine efficiency.
Using 100 as infection period.
Using 200 as contagion period.
Using 300 as immune period.
Using 200 as travel distance.
Using 1 as printout option.
Using 0 as stop_all_sane condition.
-----
99 1 0
99 1 0
99 1 0
99 1 0
99 1 0
99 1 0
99 1 0
99 1 0
99 1 0
99 1 0
99 1 0
99 1 0
99 1 0
99 1 0
99 1 0
99 1 0
99 1 0
98 2 0
98 2 0
98 2 0
97 3 0
97 3 0
97 3 0
97 2 1
96 3 1
96 3 1
96 3 1
95 4 1
94 5 1
94 5 1
94 5 1
93 6 1
93 6 1
93 6 1
92 7 1
92 7 1
89 10 1
89 9 2
89 8 3
89 8 3
89 8 3
89 8 3
89 6 5
89 6 5
89 4 7
90 4 6
90 4 6
90 4 6
90 4 6
90 4 6
90 2 8
90 2 8
90 2 8
90 1 9
90 1 9
90 1 9
90 1 9
90 1 9
89 2 9
89 1 10
89 1 10
89 1 10
91 1 8
91 1 8
91 1 8
91 1 8
91 1 8
91 1 8
91 1 8
92 1 7
92 1 7
93 1 6
94 1 5
94 1 5
95 1 4
96 1 3
96 1 3
96 1 3
96 0 4
96 0 4
96 0 4
96 0 4
97 0 3
97 0 3
98 0 2
99 0 1
99 0 1
99 0 1
99 0 1
99 0 1
99 0 1
99 0 1
99 0 1
99 0 1
99 0 1
99 0 1
99 0 1
99 0 1
99 0 1
99 0 1
-----
Simulation parameters:
Using 100 nodes.
Using 10 snapshot period.
Using 100 as maximum number of snapshots.
Using 1000 as maximum number of snapshots.
Using 1000 as height.
Using 0 as GUI option.
Using 2 infected nodes initially.
Using 14 vaccinated nodes initially.
Using 2 as vaccine efficiency.
Using 100 as infection period.
Using 200 as contagion period.
Using 300 as immune period.
Using 200 as travel distance.
Using 1 as printout option.
Using 0 as stop_all_sane condition.
-----
99 1 0
99 1 0
99 1 0
99 1 0
99 1 0
99 1 0
99 1 0
98 2 0
98 2 0
97 3 0
97 3 0
97 3 0
97 3 0
96 4 0
94 6 0
94 6 0
94 5 1
94 5 1
93 6 1
93 6 1
92 7 1
92 7 1
92 7 1
91 8 1
89 10 1
88 11 1
88 11 1
88 11 1
88 10 2
88 9 3
87 9 4
86 10 4
84 12 4
84 12 4
84 12 4
85 12 3
84 12 4
82 13 5
82 12 6
81 10 9
81 9 10
81 9 10
80 10 10
80 10 10
80 9 11
79 10 11
78 10 12
78 10 12
76 12 12
75 12 13
75 12 13
75 11 14
76 10 14
73 12 15
72 13 15
72 12 16
72 12 16
73 13 14
74 12 14
74 12 14
75 10 15
75 10 15
76 8 16
77 8 15
77 8 15
76 9 15
76 9 15
76 6 18
77 6 17
77 6 17
78 6 16
80 5 15
81 4 15
81 4 15
82 4 14
83 5 12
83 5 12
83 4 13
83 3 14
83 3 14
83 2 15
83 1 16
83 2 15
83 2 15
83 2 15
84 2 14
84 2 14
84 2 14
84 2 14
84 2 14
83 4 13
85 4 11
86 3 11
88 3 9
87 4 9
86 5 9
86 5 9
86 5 9
86 4 10
87 4 9
-----
Simulation parameters:
Using 100 nodes.
Using 10 snapshot period.
Using 100 as maximum number of snapshots.
Using 1000 as maximum number of snapshots.
Using 1000 as height.
Using 0 as GUI option.
Using 2 infected nodes initially.
Using 16 vaccinated nodes initially.
Using 2 as vaccine efficiency.
Using 100 as infection period.
Using 200 as contagion period.
Using 300 as immune period.
Using 200 as travel distance.
Using 1 as printout option.
Using 0 as stop_all_sane condition.
-----
98 2 0
98 2 0
98 2 0
98 2 0
98 2 0
98 2 0
98 2 0
97 3 0
96 4 0
96 4 0
96 4 0
95 5 0
95 5 0
95 5 0
94 6 0
93 7 0
93 7 0
93 7 0
91 8 1
90 9 1
88 11 1
87 12 1
86 13 1
86 13 1
86 11 3
85 12 3
83 13 4
82 14 4
81 14 5
81 14 5
80 15 5
79 14 7
79 13 8
78 14 8
75 16 9
74 17 9
73 18 9
72 17 11
71 15 14
69 17 14
68 17 15
67 18 15
68 18 14
66 19 15
65 19 16
63 20 17
64 20 16
62 20 18
62 19 19
61 19 20
60 20 20
60 19 21
58 20 22
57 18 25
58 17 25
57 18 25
57 18 25
56 19 25
58 18 24
57 18 25
58 15 27
57 14 29
57 15 28
57 13 30
57 13 30
55 14 31
56 11 33
57 10 33
58 10 32
58 11 31
58 10 32
58 10 32
56 12 32
56 12 32
55 12 33
55 10 35
57 9 34
57 9 34
61 9 30
62 9 29
60 12 28
60 12 28
62 12 26
63 12 25
64 12 24
65 11 24
64 11 25
63 12 25
64 12 24
64 12 24
61 15 24
61 15 24
61 16 23
63 15 22
64 14 22
65 14 21
64 14 22
63 15 22
64 15 21
65 15 20
-----
Simulation parameters:
Using 100 nodes.
Using 10 snapshot period.
Using 100 as maximum number of snapshots.
Using 1000 as maximum number of snapshots.
Using 1000 as height.
Using 0 as GUI option.
Using 2 infected nodes initially.
Using 18 vaccinated nodes initially.
Using 2 as vaccine efficiency.
Using 100 as infection period.
Using 200 as contagion period.
Using 300 as immune period.
Using 200 as travel distance.
Using 1 as printout option.
Using 0 as stop_all_sane condition.
-----
99 1 0
99 1 0
99 1 0
99 1 0
99 1 0
99 1 0
99 1 0
99 1 0
99 1 0
99 1 0
99 1 0
99 1 0
99 1 0
98 2 0
98 1 1
98 1 1
98 1 1
98 1 1
98 1 1
98 1 1
98 1 1
98 1 1
98 1 1
97 2 1
97 2 1
97 2 1
97 2 1
97 2 1
97 2 1
97 2 1
97 2 1
97 2 1
95 3 2
95 3 2
95 2 3
94 3 3
94 3 3
94 3 3
94 3 3
94 2 4
95 2 3
95 2 3
95 2 3
95 2 3
95 2 3
95 2 3
94 3 3
94 3 3
93 4 3
93 4 3
93 3 4
92 4 4
92 4 4
92 4 4
92 5 3
92 5 3
92 4 4
92 4 4
92 4 4
92 4 4
92 4 4
92 4 4
91 5 4
91 5 4
91 5 4
90 6 4
90 4 6
90 4 6
90 4 6
90 4 6
90 5 5
90 5 5
90 5 5
90 5 5
90 4 6
90 4 6
90 3 7
88 6 6
88 5 7
88 5 7
88 5 7
89 5 6
89 4 7
89 4 7
90 4 6
90 4 6
90 4 6
91 3 6
90 4 6
90 3 7
90 3 7
89 4 7
89 4 7
89 4 7
89 3 8
89 2 9
89 2 9
90 2 8
90 2 8
87 5 8
