-----
Simulation parameters:
Using 100 nodes.
Using 10 snapshot period.
Using 100 as maximum number of snapshots.
Using 1000 as maximum number of snapshots.
Using 1000 as height.
Using 0 as GUI option.
Using 2 infected nodes initially.
Using 0 vaccinated nodes initially.
Using 2 as vaccine efficiency.
Using 100 as infection period.
Using 200 as contagion period.
Using 300 as immune period.
Using 200 as travel distance.
Using 1 as printout option.
Using 0 as stop_all_sane condition.
-----
98 2 0
98 2 0
98 2 0
98 2 0
98 2 0
98 2 0
98 2 0
98 2 0
98 2 0
98 2 0
98 2 0
98 2 0
97 3 0
96 4 0
95 5 0
95 5 0
95 4 1
95 4 1
95 4 1
95 3 2
95 3 2
94 4 2
94 4 2
92 6 2
92 6 2
92 6 2
92 6 2
91 6 3
90 7 3
87 10 3
85 12 3
85 12 3
84 13 3
84 13 3
82 15 3
82 15 3
81 15 4
80 16 4
79 15 6
78 16 6
78 16 6
77 17 6
77 15 8
75 16 9
75 16 9
72 17 11
72 16 12
73 17 10
72 15 13
72 15 13
71 15 14
70 16 14
70 16 14
70 13 17
70 13 17
69 12 19
65 16 19
64 16 20
64 15 21
63 15 22
64 15 21
64 15 21
62 17 21
61 18 21
61 18 21
61 17 22
61 17 22
60 18 22
59 20 21
59 20 21
59 20 21
59 20 21
59 18 23
58 19 23
57 17 26
58 16 26
57 14 29
58 15 27
60 15 25
60 16 24
61 17 22
62 15 23
63 15 22
63 15 22
61 17 22
59 15 26
60 14 26
60 14 26
60 13 27
59 14 27
58 14 28
58 14 28
56 15 29
57 15 28
60 16 24
59 17 24
58 18 24
58 18 24
58 16 26
59 16 25
-----
Simulation parameters:
Using 100 nodes.
Using 10 snapshot period.
Using 100 as maximum number of snapshots.
Using 1000 as maximum number of snapshots.
Using 1000 as height.
Using 0 as GUI option.
Using 2 infected nodes initially.
Using 0 vaccinated nodes initially.
Using 2 as vaccine efficiency.
Using 100 as infection period.
Using 200 as contagion period.
Using 300 as immune period.
Using 250 as travel distance.
Using 1 as printout option.
Using 0 as stop_all_sane condition.
-----
98 2 0
98 2 0
98 2 0
98 2 0
98 2 0
98 2 0
98 2 0
98 2 0
98 2 0
98 2 0
98 2 0
97 3 0
97 3 0
97 2 1
97 2 1
97 2 1
97 2 1
97 2 1
97 2 1
97 2 1
97 2 1
97 1 2
97 1 2
97 1 2
97 1 2
97 1 2
97 1 2
97 0 3
97 0 3
97 0 3
97 0 3
97 0 3
97 0 3
97 0 3
98 0 2
98 0 2
98 0 2
98 0 2
98 0 2
98 0 2
98 0 2
98 0 2
98 0 2
98 0 2
98 0 2
98 0 2
98 0 2
98 0 2
98 0 2
98 0 2
99 0 1
99 0 1
99 0 1
99 0 1
99 0 1
100 0 0
100 0 0
100 0 0
100 0 0
100 0 0
100 0 0
100 0 0
100 0 0
100 0 0
100 0 0
100 0 0
100 0 0
100 0 0
100 0 0
100 0 0
100 0 0
100 0 0
100 0 0
100 0 0
100 0 0
100 0 0
100 0 0
100 0 0
100 0 0
100 0 0
100 0 0
100 0 0
100 0 0
100 0 0
100 0 0
100 0 0
100 0 0
100 0 0
100 0 0
100 0 0
100 0 0
100 0 0
100 0 0
100 0 0
100 0 0
100 0 0
100 0 0
100 0 0
100 0 0
100 0 0
-----
Simulation parameters:
Using 100 nodes.
Using 10 snapshot period.
Using 100 as maximum number of snapshots.
Using 1000 as maximum number of snapshots.
Using 1000 as height.
Using 0 as GUI option.
Using 2 infected nodes initially.
Using 0 vaccinated nodes initially.
Using 2 as vaccine efficiency.
Using 100 as infection period.
Using 200 as contagion period.
Using 300 as immune period.
Using 300 as travel distance.
Using 1 as printout option.
Using 0 as stop_all_sane condition.
-----
98 2 0
98 2 0
98 2 0
98 2 0
98 2 0
98 2 0
98 2 0
98 2 0
98 2 0
97 3 0
97 3 0
96 4 0
95 5 0
94 5 1
94 5 1
94 4 2
94 4 2
93 5 2
92 6 2
91 7 2
91 7 2
88 10 2
88 10 2
87 11 2
86 12 2
86 12 2
86 10 4
86 10 4
84 11 5
83 12 5
83 12 5
83 10 7
83 9 8
82 10 8
81 11 8
80 12 8
78 14 8
78 14 8
76 13 11
76 14 10
76 14 10
74 15 11
74 14 12
74 13 13
73 14 13
72 15 13
72 14 14
72 14 14
72 13 15
71 14 15
71 13 16
71 12 17
71 9 20
70 10 20
68 11 21
69 10 21
69 9 22
71 9 20
72 9 19
74 8 18
73 8 19
74 8 18
74 8 18
75 5 20
75 4 21
75 4 21
74 5 21
74 6 20
73 7 20
74 7 19
75 7 18
75 7 18
76 7 17
75 9 16
73 11 16
73 13 14
74 14 12
75 15 10
76 15 9
74 16 10
74 16 10
72 17 11
70 18 12
69 19 12
70 19 11
69 20 11
68 21 11
68 22 10
67 23 10
66 24 10
67 23 10
65 23 12
63 24 13
61 25 14
61 24 15
59 26 15
57 26 17
56 26 18
58 24 18
58 22 20
-----
Simulation parameters:
Using 100 nodes.
Using 10 snapshot period.
Using 100 as maximum number of snapshots.
Using 1000 as maximum number of snapshots.
Using 1000 as height.
Using 0 as GUI option.
Using 2 infected nodes initially.
Using 0 vaccinated nodes initially.
Using 2 as vaccine efficiency.
Using 100 as infection period.
Using 200 as contagion period.
Using 300 as immune period.
Using 350 as travel distance.
Using 1 as printout option.
Using 0 as stop_all_sane condition.
-----
98 2 0
98 2 0
98 2 0
98 2 0
98 2 0
98 2 0
98 2 0
96 4 0
94 6 0
94 6 0
94 6 0
93 7 0
93 7 0
89 11 0
87 13 0
84 16 0
82 18 0
82 18 0
81 19 0
79 20 1
76 22 2
72 26 2
70 28 2
68 30 2
64 33 3
62 34 4
59 37 4
59 35 6
57 35 8
52 38 10
49 41 10
47 42 11
43 44 13
41 44 15
38 47 15
37 45 18
35 46 19
32 46 22
31 47 22
30 44 26
26 46 28
25 43 32
22 43 35
21 43 36
20 43 37
18 41 41
19 40 41
20 37 43
20 34 46
19 33 48
20 32 48
19 32 49
20 30 50
21 30 49
20 28 52
21 27 52
21 21 58
21 19 60
22 17 61
23 17 60
24 16 60
22 19 59
23 14 63
25 14 61
25 13 62
27 13 60
30 14 56
31 14 55
33 13 54
34 13 53
37 15 48
38 15 47
39 15 46
40 16 44
43 14 43
42 15 43
41 16 43
42 16 42
43 17 40
44 20 36
44 21 35
46 20 34
48 18 34
49 18 33
54 18 28
54 17 29
58 16 26
58 16 26
56 19 25
57 17 26
58 17 25
56 17 27
59 15 26
59 14 27
60 14 26
63 12 25
63 12 25
61 15 24
63 16 21
62 17 21
-----
Simulation parameters:
Using 100 nodes.
Using 10 snapshot period.
Using 100 as maximum number of snapshots.
Using 1000 as maximum number of snapshots.
Using 1000 as height.
Using 0 as GUI option.
Using 2 infected nodes initially.
Using 0 vaccinated nodes initially.
Using 2 as vaccine efficiency.
Using 100 as infection period.
Using 200 as contagion period.
Using 300 as immune period.
Using 400 as travel distance.
Using 1 as printout option.
Using 0 as stop_all_sane condition.
-----
98 2 0
98 2 0
98 2 0
98 2 0
98 2 0
98 2 0
98 2 0
97 3 0
96 4 0
94 6 0
92 8 0
88 12 0
87 13 0
87 13 0
86 14 0
85 15 0
82 17 1
79 20 1
76 23 1
72 27 1
72 27 1
71 28 1
69 30 1
68 30 2
68 30 2
66 31 3
64 32 4
61 33 6
59 33 8
57 34 9
54 35 11
51 37 12
48 37 15
46 37 17
45 37 18
43 37 20
39 39 22
36 40 24
36 37 27
34 38 28
33 37 30
33 36 31
30 38 32
29 37 34
27 39 34
26 38 36
26 36 38
24 37 39
24 37 39
25 34 41
24 34 42
28 32 40
29 29 42
29 29 42
30 27 43
29 23 48
29 20 51
30 20 50
30 19 51
30 15 55
32 14 54
32 14 54
32 14 54
33 15 52
33 15 52
33 14 53
33 13 54
32 15 53
33 15 52
30 17 53
30 18 52
29 18 53
31 19 50
35 19 46
37 22 41
38 22 40
40 20 40
42 22 36
43 21 36
48 19 33
45 22 33
43 25 32
46 25 29
46 27 27
43 28 29
43 29 28
42 30 28
41 32 27
41 33 26
41 32 27
40 33 27
40 31 29
39 32 29
37 34 29
33 37 30
35 36 29
35 37 28
33 35 32
32 35 33
34 34 32
-----
Simulation parameters:
Using 100 nodes.
Using 10 snapshot period.
Using 100 as maximum number of snapshots.
Using 1000 as maximum number of snapshots.
Using 1000 as height.
Using 0 as GUI option.
Using 2 infected nodes initially.
Using 0 vaccinated nodes initially.
Using 2 as vaccine efficiency.
Using 100 as infection period.
Using 200 as contagion period.
Using 300 as immune period.
Using 450 as travel distance.
Using 1 as printout option.
Using 0 as stop_all_sane condition.
-----
98 2 0
98 2 0
98 2 0
98 2 0
98 2 0
98 2 0
98 2 0
97 3 0
96 4 0
96 4 0
95 5 0
95 5 0
95 5 0
95 5 0
95 5 0
95 5 0
95 4 1
95 4 1
95 3 2
95 3 2
95 3 2
95 3 2
94 4 2
94 2 4
94 2 4
94 2 4
94 2 4
94 2 4
94 2 4
94 2 4
94 2 4
93 3 4
93 2 5
93 2 5
93 2 5
93 2 5
93 1 6
93 1 6
92 2 6
93 2 5
93 2 5
93 2 5
91 4 5
91 4 5
90 5 5
89 5 6
89 5 6
89 6 5
89 7 4
89 7 4
87 9 4
87 9 4
86 10 4
87 10 3
87 10 3
87 11 2
88 11 1
88 11 1
86 12 2
86 12 2
86 10 4
84 12 4
82 13 5
80 15 5
79 16 5
79 13 8
78 15 7
77 15 8
75 17 8
73 18 9
70 20 10
69 20 11
66 23 11
66 23 11
66 23 11
64 24 12
61 27 12
57 29 14
55 30 15
51 34 15
50 34 16
48 33 19
48 33 19
49 33 18
47 33 20
44 31 25
43 33 24
40 36 24
35 41 24
32 43 25
29 45 26
29 46 25
29 44 27
23 47 30
22 48 30
21 47 32
20 43 37
18 44 38
18 44 38
17 42 41
-----
Simulation parameters:
Using 100 nodes.
Using 10 snapshot period.
Using 100 as maximum number of snapshots.
Using 1000 as maximum number of snapshots.
Using 1000 as height.
Using 0 as GUI option.
Using 2 infected nodes initially.
Using 0 vaccinated nodes initially.
Using 2 as vaccine efficiency.
Using 100 as infection period.
Using 200 as contagion period.
Using 300 as immune period.
Using 500 as travel distance.
Using 1 as printout option.
Using 0 as stop_all_sane condition.
-----
98 2 0
98 2 0
98 2 0
98 2 0
98 2 0
98 2 0
98 2 0
97 3 0
96 4 0
96 4 0
96 4 0
96 4 0
96 4 0
96 4 0
96 4 0
96 4 0
96 3 1
92 7 1
91 7 2
90 8 2
90 8 2
87 11 2
87 11 2
85 13 2
82 16 2
77 21 2
75 23 2
69 28 3
68 29 3
63 34 3
62 33 5
62 33 5
60 33 7
58 35 7
58 35 7
52 38 10
49 41 10
48 42 10
45 44 11
44 45 11
44 43 13
40 43 17
37 45 18
35 43 22
32 44 24
29 43 28
28 43 29
27 43 30
25 39 36
22 37 41
21 35 44
20 34 46
19 34 47
20 33 47
20 32 48
21 32 47
20 31 49
22 28 50
22 28 50
19 30 51
18 28 54
18 28 54
18 26 56
18 24 58
21 23 56
23 19 58
22 18 60
23 15 62
25 14 61
28 14 58
28 14 58
35 13 52
36 10 54
41 10 49
44 10 46
46 11 43
46 10 44
45 11 44
44 11 45
46 10 44
47 11 42
46 13 41
48 13 39
50 15 35
49 18 33
46 21 33
47 21 32
50 20 30
51 20 29
50 22 28
52 22 26
53 22 25
52 24 24
53 26 21
54 24 22
52 27 21
51 29 20
52 27 21
50 28 22
50 28 22
-----
Simulation parameters:
Using 100 nodes.
Using 10 snapshot period.
Using 100 as maximum number of snapshots.
Using 1000 as maximum number of snapshots.
Using 1000 as height.
Using 0 as GUI option.
Using 2 infected nodes initially.
Using 0 vaccinated nodes initially.
Using 2 as vaccine efficiency.
Using 100 as infection period.
Using 200 as contagion period.
Using 300 as immune period.
Using 550 as travel distance.
Using 1 as printout option.
Using 0 as stop_all_sane condition.
-----
98 2 0
98 2 0
98 2 0
98 2 0
98 2 0
98 2 0
98 2 0
96 4 0
96 4 0
95 5 0
93 7 0
92 8 0
91 9 0
91 9 0
91 9 0
91 9 0
91 8 1
90 9 1
88 10 2
87 11 2
83 15 2
78 20 2
77 21 2
75 23 2
71 27 2
70 27 3
70 26 4
67 27 6
66 27 7
59 34 7
54 37 9
49 42 9
47 43 10
43 47 10
43 46 11
41 47 12
40 46 14
35 49 16
32 52 16
32 51 17
32 47 21
31 48 21
30 47 23
28 45 27
28 41 31
26 39 35
24 38 38
22 37 41
22 36 42
22 35 43
21 34 45
20 31 49
19 31 50
15 31 54
13 31 56
13 30 57
13 31 56
12 31 57
10 29 61
11 28 61
13 25 62
14 22 64
14 22 64
17 22 61
21 21 58
21 20 59
24 18 58
25 16 59
29 14 57
31 12 57
33 11 56
35 8 57
36 8 56
36 10 54
37 11 52
41 11 48
41 11 48
46 10 44
49 10 41
45 14 41
45 15 40
45 16 39
48 17 35
46 21 33
43 24 33
44 23 33
43 25 32
42 24 34
43 27 30
42 32 26
39 36 25
38 40 22
37 40 23
37 42 21
36 43 21
36 43 21
32 47 21
27 50 23
26 49 25
25 49 26
-----
Simulation parameters:
Using 100 nodes.
Using 10 snapshot period.
Using 100 as maximum number of snapshots.
Using 1000 as maximum number of snapshots.
Using 1000 as height.
Using 0 as GUI option.
Using 2 infected nodes initially.
Using 0 vaccinated nodes initially.
Using 2 as vaccine efficiency.
Using 100 as infection period.
Using 200 as contagion period.
Using 300 as immune period.
Using 600 as travel distance.
Using 1 as printout option.
Using 0 as stop_all_sane condition.
-----
98 2 0
98 2 0
98 2 0
98 2 0
98 2 0
98 2 0
98 2 0
98 2 0
91 9 0
90 10 0
89 11 0
86 14 0
82 18 0
80 18 2
77 21 2
70 28 2
67 31 2
64 34 2
60 38 2
56 42 2
54 44 2
51 47 2
47 51 2
45 51 4
45 50 5
44 48 8
43 46 11
43 45 12
40 48 12
40 47 13
39 45 16
34 45 21
31 43 26
29 45 26
29 38 33
30 37 33
29 34 37
29 33 38
29 28 43
29 25 46
27 26 47
26 25 49
26 22 52
26 20 54
25 21 54
25 17 58
26 15 59
25 15 60
25 16 59
27 15 58
27 14 59
28 12 60
32 10 58
32 11 57
33 10 57
37 8 55
35 9 56
36 8 56
37 9 54
40 9 51
42 11 47
42 12 46
44 12 44
47 13 40
49 13 38
50 14 36
50 17 33
51 18 31
53 17 30
50 22 28
57 21 22
57 21 22
54 25 21
51 26 23
49 29 22
50 28 22
50 28 22
49 31 20
46 32 22
46 32 22
39 38 23
40 39 21
36 40 24
37 39 24
36 38 26
36 38 26
35 36 29
35 36 29
33 37 30
32 37 31
32 33 35
34 33 33
34 33 33
31 35 34
25 38 37
22 39 39
21 40 39
20 36 44
17 37 46
18 37 45
-----
Simulation parameters:
Using 100 nodes.
Using 10 snapshot period.
Using 100 as maximum number of snapshots.
Using 1000 as maximum number of snapshots.
Using 1000 as height.
Using 0 as GUI option.
Using 2 infected nodes initially.
Using 0 vaccinated nodes initially.
Using 2 as vaccine efficiency.
Using 100 as infection period.
Using 200 as contagion period.
Using 300 as immune period.
Using 650 as travel distance.
Using 1 as printout option.
Using 0 as stop_all_sane condition.
-----
98 2 0
98 2 0
98 2 0
98 2 0
98 2 0
98 2 0
98 2 0
95 5 0
94 6 0
88 12 0
85 15 0
82 18 0
76 24 0
72 28 0
69 31 0
64 36 0
58 41 1
49 50 1
39 60 1
30 69 1
26 72 2
24 74 2
22 74 4
21 73 6
21 71 8
21 69 10
20 66 14
18 66 16
17 66 17
16 65 19
16 61 23
14 56 30
12 51 37
11 46 43
11 42 47
11 33 56
10 29 61
9 28 63
7 27 66
7 23 70
6 21 73
5 21 74
6 18 76
7 15 78
7 13 80
8 13 79
10 13 77
9 14 77
12 12 76
13 12 75
15 11 74
18 9 73
23 8 69
23 8 69
25 6 69
26 5 69
28 5 67
30 4 66
34 4 62
39 4 57
39 4 57
43 4 53
46 4 50
50 3 47
53 3 44
58 3 39
61 3 36
65 4 31
68 3 29
70 3 27
70 3 27
73 3 24
73 4 23
77 4 19
77 4 19
78 5 17
78 6 16
79 6 15
80 7 13
80 8 12
80 8 12
76 12 12
76 14 10
75 16 9
75 17 8
68 25 7
64 28 8
62 30 8
59 33 8
58 34 8
56 37 7
53 39 8
50 42 8
46 46 8
43 49 8
41 49 10
40 51 9
37 53 10
34 55 11
32 56 12
