-----
Simulation parameters:
Using 100 nodes.
Using 10 snapshot period.
Using 100 as maximum number of snapshots.
Using 1000 as maximum number of snapshots.
Using 1000 as height.
Using 0 as GUI option.
Using 2 infected nodes initially.
Using 0 vaccinated nodes initially.
Using 2 as vaccine efficiency.
Using 100 as infection period.
Using 200 as contagion period.
Using 300 as immune period.
Using 200 as travel distance.
Using 1 as printout option.
Using 0 as stop_all_sane condition.
-----
98 2 0
98 2 0
98 2 0
98 2 0
98 2 0
98 2 0
98 2 0
97 3 0
97 3 0
96 4 0
95 5 0
95 5 0
95 5 0
95 5 0
93 6 1
93 6 1
93 6 1
93 6 1
92 7 1
92 7 1
91 7 2
90 8 2
90 8 2
88 10 2
87 11 2
86 11 3
85 12 3
84 13 3
82 15 3
80 17 3
78 18 4
77 19 4
74 20 6
72 22 6
71 23 6
70 23 7
70 23 7
69 23 8
69 23 8
67 25 8
65 26 9
65 25 10
63 25 12
63 25 12
60 29 11
59 26 15
59 25 16
59 24 17
59 23 18
57 25 18
57 24 19
53 27 20
52 26 22
53 24 23
54 22 24
54 19 27
54 18 28
54 17 29
54 15 31
54 15 31
54 14 32
52 15 33
53 14 33
55 14 31
56 13 31
56 10 34
55 10 35
55 10 35
54 9 37
58 9 33
56 11 33
55 12 33
56 11 33
55 12 33
58 11 31
57 13 30
57 15 28
55 17 28
54 19 27
53 19 28
52 20 28
51 20 29
50 21 29
51 22 27
53 22 25
52 25 23
52 26 22
54 26 20
54 26 20
55 24 21
56 23 21
56 22 22
56 22 22
54 22 24
54 21 25
54 22 24
52 22 26
53 20 27
55 18 27
55 17 28
-----
Simulation parameters:
Using 100 nodes.
Using 10 snapshot period.
Using 100 as maximum number of snapshots.
Using 1000 as maximum number of snapshots.
Using 1000 as height.
Using 0 as GUI option.
Using 2 infected nodes initially.
Using 0 vaccinated nodes initially.
Using 4 as vaccine efficiency.
Using 100 as infection period.
Using 200 as contagion period.
Using 300 as immune period.
Using 200 as travel distance.
Using 1 as printout option.
Using 0 as stop_all_sane condition.
-----
98 2 0
98 2 0
98 2 0
98 2 0
98 2 0
98 2 0
98 2 0
97 3 0
97 3 0
97 3 0
96 4 0
93 7 0
92 8 0
92 8 0
91 8 1
91 7 2
90 8 2
90 8 2
88 10 2
88 10 2
87 11 2
87 11 2
85 13 2
85 13 2
84 13 3
84 13 3
84 13 3
83 14 3
83 11 6
83 10 7
83 10 7
81 11 8
81 11 8
81 11 8
81 9 10
79 10 11
79 9 12
79 9 12
79 9 12
79 8 13
78 8 14
78 8 14
79 7 14
79 6 15
79 5 16
78 6 16
78 6 16
78 6 16
78 6 16
78 6 16
79 4 17
79 5 16
80 5 15
80 4 16
80 3 17
80 3 17
82 3 15
82 4 14
82 3 15
82 4 14
83 4 13
83 4 13
82 5 13
82 6 12
82 6 12
82 5 13
83 5 12
85 5 10
84 6 10
86 6 8
87 6 7
86 7 7
85 8 7
85 8 7
83 9 8
83 9 8
82 10 8
82 10 8
83 9 8
81 12 7
82 12 6
81 12 7
81 11 8
79 13 8
81 11 8
79 13 8
78 14 8
78 14 8
77 15 8
77 16 7
76 16 8
76 15 9
77 15 8
75 16 9
74 16 10
72 16 12
72 16 12
71 14 15
71 14 15
68 17 15
-----
Simulation parameters:
Using 100 nodes.
Using 10 snapshot period.
Using 100 as maximum number of snapshots.
Using 1000 as maximum number of snapshots.
Using 1000 as height.
Using 0 as GUI option.
Using 2 infected nodes initially.
Using 0 vaccinated nodes initially.
Using 6 as vaccine efficiency.
Using 100 as infection period.
Using 200 as contagion period.
Using 300 as immune period.
Using 200 as travel distance.
Using 1 as printout option.
Using 0 as stop_all_sane condition.
-----
98 2 0
98 2 0
98 2 0
98 2 0
98 2 0
98 2 0
98 2 0
97 3 0
97 3 0
96 4 0
94 6 0
94 6 0
93 7 0
92 8 0
92 8 0
91 9 0
91 9 0
91 9 0
90 10 0
90 10 0
90 9 1
87 12 1
87 12 1
86 13 1
85 13 2
84 13 3
84 13 3
82 14 4
81 15 4
80 16 4
80 15 5
79 16 5
79 15 6
79 14 7
78 14 8
78 14 8
77 14 9
77 14 9
76 15 9
76 15 9
76 14 10
75 15 10
74 14 12
74 14 12
73 13 14
73 11 16
72 12 16
71 13 16
71 13 16
70 13 17
70 13 17
71 12 17
71 10 19
69 12 19
71 11 18
70 12 18
69 12 19
69 11 20
69 12 19
69 12 19
70 12 18
69 12 19
68 12 20
68 13 19
68 14 18
64 17 19
63 20 17
64 19 17
64 20 16
64 19 17
63 19 18
62 20 18
62 20 18
59 23 18
60 21 19
61 22 17
60 23 17
61 22 17
62 21 17
63 20 17
63 19 18
60 22 18
61 22 17
59 23 18
57 23 20
54 23 23
52 25 23
53 25 22
55 23 22
55 23 22
53 24 23
51 26 23
50 24 26
50 22 28
48 23 29
49 24 27
49 22 29
48 25 27
48 24 28
48 23 29
-----
Simulation parameters:
Using 100 nodes.
Using 10 snapshot period.
Using 100 as maximum number of snapshots.
Using 1000 as maximum number of snapshots.
Using 1000 as height.
Using 0 as GUI option.
Using 2 infected nodes initially.
Using 0 vaccinated nodes initially.
Using 8 as vaccine efficiency.
Using 100 as infection period.
Using 200 as contagion period.
Using 300 as immune period.
Using 200 as travel distance.
Using 1 as printout option.
Using 0 as stop_all_sane condition.
-----
98 2 0
98 2 0
98 2 0
98 2 0
98 2 0
98 2 0
98 2 0
97 3 0
97 3 0
96 4 0
96 4 0
95 5 0
95 5 0
95 4 1
95 4 1
94 5 1
92 7 1
92 7 1
91 8 1
90 8 2
90 8 2
89 9 2
89 9 2
88 10 2
88 9 3
88 9 3
88 9 3
87 9 4
87 8 5
87 8 5
86 9 5
85 10 5
84 10 6
84 10 6
84 9 7
84 9 7
84 8 8
83 9 8
81 9 10
79 11 10
78 10 12
77 11 12
77 11 12
77 11 12
76 12 12
76 12 12
74 14 12
74 15 11
74 14 12
70 18 12
70 17 13
70 15 15
70 14 16
70 14 16
71 13 16
70 13 17
69 14 17
69 14 17
69 13 18
69 14 17
69 13 18
69 12 19
71 13 16
70 13 17
68 14 18
67 15 18
66 14 20
68 13 19
68 12 20
68 11 21
68 10 22
66 12 22
64 14 22
62 16 22
59 17 24
61 17 22
63 17 20
65 16 19
62 19 19
60 21 19
60 19 21
60 18 22
59 18 23
60 18 22
60 19 21
61 18 21
61 19 20
61 18 21
61 16 23
61 16 23
63 14 23
63 13 24
62 16 22
61 16 23
60 18 22
57 20 23
55 20 25
54 20 26
52 22 26
49 25 26
-----
Simulation parameters:
Using 100 nodes.
Using 10 snapshot period.
Using 100 as maximum number of snapshots.
Using 1000 as maximum number of snapshots.
Using 1000 as height.
Using 0 as GUI option.
Using 2 infected nodes initially.
Using 0 vaccinated nodes initially.
Using 10 as vaccine efficiency.
Using 100 as infection period.
Using 200 as contagion period.
Using 300 as immune period.
Using 200 as travel distance.
Using 1 as printout option.
Using 0 as stop_all_sane condition.
-----
98 2 0
98 2 0
98 2 0
98 2 0
98 2 0
98 2 0
98 2 0
98 2 0
98 2 0
97 3 0
97 3 0
96 4 0
96 4 0
96 4 0
95 5 0
95 5 0
94 6 0
93 7 0
92 8 0
92 8 0
91 9 0
90 9 1
90 9 1
89 9 2
87 11 2
85 12 3
82 15 3
81 16 3
80 17 3
80 17 3
80 16 4
79 16 5
78 16 6
77 17 6
77 17 6
77 17 6
76 18 6
76 18 6
76 17 7
75 17 8
73 16 11
71 17 12
72 16 12
71 15 14
71 15 14
72 13 15
70 14 16
69 13 18
69 13 18
68 12 20
67 13 20
68 13 19
65 15 20
64 16 20
61 18 21
61 18 21
60 18 22
59 19 22
59 18 23
60 18 22
61 18 21
62 16 22
62 16 22
62 16 22
62 16 22
61 17 22
64 16 20
64 16 20
65 14 21
66 13 21
64 15 21
62 15 23
61 16 23
60 16 24
59 18 23
57 19 24
57 19 24
57 18 25
56 20 24
54 22 24
54 23 23
52 24 24
49 25 26
49 25 26
47 27 26
48 27 25
49 26 25
49 24 27
50 26 24
50 24 26
52 23 25
55 21 24
54 20 26
52 22 26
50 23 27
50 22 28
50 22 28
51 19 30
52 18 30
50 18 32
-----
Simulation parameters:
Using 100 nodes.
Using 10 snapshot period.
Using 100 as maximum number of snapshots.
Using 1000 as maximum number of snapshots.
Using 1000 as height.
Using 0 as GUI option.
Using 2 infected nodes initially.
Using 0 vaccinated nodes initially.
Using 12 as vaccine efficiency.
Using 100 as infection period.
Using 200 as contagion period.
Using 300 as immune period.
Using 200 as travel distance.
Using 1 as printout option.
Using 0 as stop_all_sane condition.
-----
99 1 0
99 1 0
99 1 0
99 1 0
99 1 0
99 1 0
99 1 0
99 1 0
98 2 0
98 2 0
97 3 0
97 3 0
97 3 0
97 3 0
97 3 0
97 3 0
97 3 0
96 4 0
96 4 0
95 5 0
95 5 0
95 5 0
94 6 0
93 6 1
93 5 2
93 5 2
93 5 2
93 5 2
92 6 2
91 7 2
90 7 3
89 8 3
89 8 3
89 8 3
89 8 3
89 8 3
89 8 3
88 8 4
87 9 4
87 9 4
87 9 4
86 9 5
85 10 5
85 9 6
85 7 8
84 8 8
84 8 8
81 11 8
81 11 8
81 11 8
82 11 7
82 11 7
81 11 8
81 10 9
80 11 9
79 12 9
78 11 11
78 11 11
78 11 11
78 10 12
77 11 12
77 11 12
77 11 12
77 10 13
75 13 12
75 13 12
74 12 14
72 14 14
69 17 14
68 19 13
67 19 14
65 21 14
64 21 15
63 23 14
62 24 14
61 25 14
61 25 14
60 25 15
60 24 16
60 24 16
55 28 17
54 29 17
53 28 19
51 30 19
51 28 21
52 28 20
51 30 19
52 29 19
49 30 21
47 31 22
41 36 23
40 35 25
37 37 26
36 35 29
37 33 30
36 32 32
36 32 32
34 35 31
33 35 32
31 37 32
-----
Simulation parameters:
Using 100 nodes.
Using 10 snapshot period.
Using 100 as maximum number of snapshots.
Using 1000 as maximum number of snapshots.
Using 1000 as height.
Using 0 as GUI option.
Using 2 infected nodes initially.
Using 0 vaccinated nodes initially.
Using 14 as vaccine efficiency.
Using 100 as infection period.
Using 200 as contagion period.
Using 300 as immune period.
Using 200 as travel distance.
Using 1 as printout option.
Using 0 as stop_all_sane condition.
-----
98 2 0
98 2 0
98 2 0
98 2 0
98 2 0
98 2 0
98 2 0
97 3 0
97 3 0
97 3 0
96 4 0
94 6 0
94 6 0
94 5 1
94 5 1
93 6 1
92 7 1
91 8 1
90 9 1
89 10 1
88 11 1
88 11 1
87 11 2
86 11 3
84 13 3
82 14 4
79 17 4
78 18 4
78 18 4
75 21 4
75 20 5
75 20 5
73 21 6
72 20 8
70 22 8
67 24 9
65 26 9
62 27 11
61 27 12
61 24 15
60 25 15
58 27 15
58 25 17
56 26 18
57 24 19
56 25 19
55 24 21
55 23 22
52 24 24
52 24 24
53 21 26
52 23 25
47 26 27
45 26 29
46 25 29
46 21 33
44 23 33
45 23 32
45 22 33
45 21 34
43 24 33
41 24 35
40 25 35
40 24 36
41 26 33
38 28 34
38 29 33
37 30 33
35 32 33
36 32 32
36 29 35
38 29 33
39 28 33
42 29 29
43 26 31
43 20 37
44 19 37
48 18 34
48 18 34
49 13 38
48 12 40
46 14 40
46 14 40
50 13 37
50 13 37
50 12 38
52 11 37
53 11 36
54 12 34
54 13 33
54 11 35
52 13 35
52 13 35
53 12 35
56 12 32
57 10 33
59 9 32
59 9 32
60 8 32
62 8 30
-----
Simulation parameters:
Using 100 nodes.
Using 10 snapshot period.
Using 100 as maximum number of snapshots.
Using 1000 as maximum number of snapshots.
Using 1000 as height.
Using 0 as GUI option.
Using 2 infected nodes initially.
Using 0 vaccinated nodes initially.
Using 16 as vaccine efficiency.
Using 100 as infection period.
Using 200 as contagion period.
Using 300 as immune period.
Using 200 as travel distance.
Using 1 as printout option.
Using 0 as stop_all_sane condition.
-----
98 2 0
98 2 0
98 2 0
98 2 0
98 2 0
98 2 0
98 2 0
97 3 0
96 4 0
96 4 0
95 5 0
95 5 0
94 6 0
94 6 0
94 6 0
93 6 1
92 7 1
92 7 1
91 8 1
91 8 1
90 8 2
90 8 2
88 10 2
84 14 2
83 14 3
83 14 3
83 12 5
82 13 5
82 13 5
81 14 5
79 16 5
79 15 6
78 15 7
76 17 7
76 17 7
73 18 9
73 18 9
72 16 12
71 15 14
73 14 13
73 13 14
71 14 15
70 15 15
70 13 17
70 12 18
70 11 19
69 11 20
69 9 22
69 9 22
69 9 22
69 9 22
69 9 22
67 11 22
67 11 22
66 12 22
67 12 21
67 12 21
67 12 21
66 12 22
67 13 20
67 13 20
67 14 19
66 15 19
66 14 20
67 12 21
64 14 22
65 14 21
66 14 20
65 16 19
63 18 19
63 18 19
62 18 20
63 16 21
63 15 22
63 15 22
64 15 21
64 15 21
63 16 21
64 15 21
63 16 21
63 16 21
66 14 20
65 15 20
64 16 20
62 17 21
64 15 21
64 15 21
65 14 21
66 13 21
65 10 25
65 9 26
65 10 25
67 10 23
68 10 22
69 9 22
69 9 22
69 9 22
69 9 22
69 9 22
70 6 24
-----
Simulation parameters:
Using 100 nodes.
Using 10 snapshot period.
Using 100 as maximum number of snapshots.
Using 1000 as maximum number of snapshots.
Using 1000 as height.
Using 0 as GUI option.
Using 2 infected nodes initially.
Using 0 vaccinated nodes initially.
Using 18 as vaccine efficiency.
Using 100 as infection period.
Using 200 as contagion period.
Using 300 as immune period.
Using 200 as travel distance.
Using 1 as printout option.
Using 0 as stop_all_sane condition.
-----
98 2 0
98 2 0
98 2 0
98 2 0
98 2 0
98 2 0
98 2 0
98 2 0
98 2 0
98 2 0
98 2 0
97 3 0
97 3 0
96 4 0
96 4 0
96 4 0
96 3 1
96 3 1
96 3 1
96 2 2
96 2 2
96 2 2
95 3 2
94 4 2
94 4 2
93 5 2
93 5 2
93 5 2
92 5 3
92 4 4
92 4 4
92 4 4
92 4 4
91 5 4
91 5 4
91 5 4
91 5 4
90 6 4
90 7 3
90 7 3
90 6 4
89 6 5
88 7 5
88 5 7
88 6 6
85 9 6
85 9 6
85 9 6
85 9 6
84 9 7
83 10 7
83 10 7
82 10 8
81 11 8
80 12 8
80 11 9
80 11 9
80 11 9
81 10 9
81 10 9
81 10 9
81 9 10
81 10 9
81 10 9
82 8 10
82 8 10
81 8 11
82 8 10
82 9 9
82 7 11
82 5 13
83 5 12
83 4 13
84 4 12
84 4 12
84 4 12
84 4 12
83 3 14
83 3 14
83 2 15
82 3 15
82 3 15
82 3 15
83 3 14
83 4 13
86 4 10
87 4 9
87 4 9
86 5 9
87 4 9
87 3 10
88 3 9
88 2 10
88 2 10
89 3 8
90 3 7
90 3 7
91 3 6
91 3 6
91 3 6
-----
Simulation parameters:
Using 100 nodes.
Using 10 snapshot period.
Using 100 as maximum number of snapshots.
Using 1000 as maximum number of snapshots.
Using 1000 as height.
Using 0 as GUI option.
Using 2 infected nodes initially.
Using 0 vaccinated nodes initially.
Using 20 as vaccine efficiency.
Using 100 as infection period.
Using 200 as contagion period.
Using 300 as immune period.
Using 200 as travel distance.
Using 1 as printout option.
Using 0 as stop_all_sane condition.
-----
98 2 0
98 2 0
98 2 0
98 2 0
98 2 0
98 2 0
98 2 0
98 2 0
97 3 0
95 5 0
94 6 0
94 6 0
92 8 0
91 9 0
91 9 0
91 8 1
90 9 1
90 9 1
89 10 1
85 14 1
83 16 1
82 17 1
80 19 1
78 21 1
78 19 3
77 19 4
76 20 4
74 21 5
72 23 5
69 25 6
66 28 6
64 29 7
62 30 8
62 29 9
62 28 10
62 27 11
62 27 11
60 29 11
59 30 11
58 29 13
56 27 17
54 27 19
53 27 20
53 24 23
53 22 25
52 23 25
52 20 28
52 19 29
51 19 30
52 16 32
50 16 34
50 16 34
50 15 35
48 16 36
49 14 37
49 14 37
51 13 36
49 13 38
50 12 38
50 13 37
51 12 37
52 11 37
55 11 34
57 10 33
58 11 31
58 12 30
59 10 31
59 9 32
60 8 32
64 8 28
66 7 27
66 5 29
66 6 28
67 6 27
69 6 25
71 5 24
72 5 23
76 5 19
77 4 19
76 5 19
75 6 19
78 5 17
79 4 17
79 4 17
78 6 16
78 6 16
78 6 16
76 6 18
78 6 16
81 6 13
82 6 12
83 6 11
84 7 9
84 7 9
83 8 9
83 8 9
83 8 9
83 8 9
82 9 9
83 9 8
